    101 26  1  0  0  0          
    101 22  1  1  0  0          
    101 18  1  2  0  0          
    101  7  1  3  0  0          
    101  4  1  4  0  0          
    101  3  1  5  0  0          
    103 33  1  0  0  0          
    103 24  1  1  0  0          
    103 15  1  2  0  0          
    103 24  1  3  0  0          
    103 15  1  4  0  0          
    103 13  1  5  0  0          
    104 29  1  0  1  0          
    104 22  1  1  1  1          
    104 18  1  2  1  2          
    104 13  1  3  1  3          
    104 19  1  4  1  4          
    104  0  1  5  1  5          
    105 22  1  0  0  0          
    105 12  1  1  0  0          
    105 16  1  2  0  0          
    105 16  1  3  0  0          
    105 13  1  4  0  0          
    105  9  1  5  0  0          
    106 21  1  0  1  0          
    106 25  1  1  1  1          
    106 23  1  2  1  2          
    106 18  1  3  1  3          
    106 20  1  4  1  4          
    106  .  1  5  1  5          
    107 21  1  0  1  0          
    107 21  1  1  1  1          
    107 16  1  2  1  2          
    107 19  1  3  1  3          
    107  .  1  4  1  4          
    107  6  1  5  1  5          
    108 21  1  0  1  0          
    108 22  1  1  1  1          
    108 11  1  2  1  2          
    108  9  1  3  1  3          
    108  9  1  4  1  4          
    108  7  1  5  1  5          
    113 21  1  0  0  0          
    113 23  1  1  0  0          
    113 19  1  2  0  0          
    113 23  1  3  0  0          
    113 23  1  4  0  0          
    113  .  1  5  0  0          
    114  .  1  0  0  0          
    114 17  1  1  0  0          
    114 11  1  2  0  0          
    114 13  1  3  0  0          
    114  7  1  4  0  0          
    114  7  1  5  0  0          
    115  .  1  0  1  0          
    115 16  1  1  1  1          
    115 16  1  2  1  2          
    115 16  1  3  1  3          
    115 16  1  4  1  4          
    115 11  1  5  1  5          
    117 19  1  0  1  0          
    117 16  1  1  1  1          
    117 13  1  2  1  2          
    117 12  1  3  1  3          
    117  7  1  4  1  4          
    117  6  1  5  1  5          
    118  .  1  0  1  0          
    118 26  1  1  1  1          
    118 18  1  2  1  2          
    118 18  1  3  1  3          
    118 14  1  4  1  4          
    118 11  1  5  1  5          
    120 20  1  0  0  0          
    120 19  1  1  0  0          
    120 17  1  2  0  0          
    120 18  1  3  0  0          
    120 16  1  4  0  0          
    120 17  1  5  0  0          
    121 20  1  0  0  0          
    121 22  1  1  0  0          
    121 19  1  2  0  0          
    121 19  1  3  0  0          
    121 12  1  4  0  0          
    121 14  1  5  0  0          
    123 15  1  0  0  0          
    123 15  1  1  0  0          
    123 15  1  2  0  0          
    123 13  1  3  0  0          
    123  5  1  4  0  0          
    123  5  1  5  0  0          
    501 29  1  0  1  0          
    501 30  1  1  1  1          
    501 26  1  2  1  2          
    501 22  1  3  1  3          
    501 19  1  4  1  4          
    501 24  1  5  1  5          
    502 21  1  0  1  0          
    502 22  1  1  1  1          
    502 13  1  2  1  2          
    502 11  1  3  1  3          
    502  2  1  4  1  4          
    502  1  1  5  1  5          
    504 19  1  0  0  0          
    504 17  1  1  0  0          
    504 15  1  2  0  0          
    504 16  1  3  0  0          
    504 12  1  4  0  0          
    504 12  1  5  0  0          
    505 21  1  0  0  0          
    505 11  1  1  0  0          
    505 18  1  2  0  0          
    505  0  1  3  0  0          
    505  0  1  4  0  0          
    505  4  1  5  0  0          
    507 27  1  0  1  0          
    507 26  1  1  1  1          
    507 26  1  2  1  2          
    507 25  1  3  1  3          
    507 24  1  4  1  4          
    507 19  1  5  1  5          
    603 28  1  0  0  0          
    603 22  1  1  0  0          
    603 18  1  2  0  0          
    603 20  1  3  0  0          
    603 11  1  4  0  0          
    603 13  1  5  0  0          
    604 27  1  0  0  0          
    604 27  1  1  0  0          
    604 13  1  2  0  0          
    604  5  1  3  0  0          
    604  7  1  4  0  0          
    604  .  1  5  0  0          
    606 19  1  0  1  0          
    606 33  1  1  1  1          
    606 12  1  2  1  2          
    606 12  1  3  1  3          
    606  3  1  4  1  4          
    606  1  1  5  1  5          
    607 30  1  0  1  0          
    607 39  1  1  1  1          
    607 30  1  2  1  2          
    607 27  1  3  1  3          
    607 20  1  4  1  4          
    607  4  1  5  1  5          
    608 24  1  0  0  0          
    608 19  1  1  0  0          
    608 14  1  2  0  0          
    608 12  1  3  0  0          
    608  3  1  4  0  0          
    608  4  1  5  0  0          
    609  .  1  0  1  1          
    609 25  1  1  1  1          
    609 22  1  2  1  2          
    609 14  1  3  1  3          
    609 15  1  4  1  4          
    609  2  1  5  1  5          
    610 34  1  0  1  0          
    610  .  1  1  1  1          
    610 33  1  2  1  2          
    610 23  1  3  1  3          
    610  .  1  4  1  4          
    610 11  1  5  1  5          
    302 18  1  0  1  0          
    302 22  1  1  1  1          
    302 16  1  2  1  2          
    302  8  1  3  1  3          
    302  9  1  4  1  4          
    302 12  1  5  1  5          
    303 21  1  0  0  0          
    303 21  1  1  0  0          
    303 13  1  2  0  0          
    303 14  1  3  0  0          
    303 10  1  4  0  0          
    303  5  1  5  0  0          
    304 21  1  0  1  0          
    304 27  1  1  1  1          
    304 29  1  2  1  2          
    304  .  1  3  1  3          
    304 12  1  4  1  4          
    304 24  1  5  1  5          
    305 19  1  0  0  0          
    305 17  1  1  0  0          
    305 15  1  2  0  0          
    305 11  1  3  0  0          
    305  5  1  4  0  0          
    305  1  1  5  0  0          
    308 22  1  0  0  0          
    308 21  1  1  0  0          
    308 18  1  2  0  0          
    308 17  1  3  0  0          
    308 12  1  4  0  0          
    308 11  1  5  0  0          
    309 22  1  0  0  0          
    309 22  1  1  0  0          
    309 16  1  2  0  0          
    309 19  1  3  0  0          
    309 20  1  4  0  0          
    309 11  1  5  0  0          
    310 24  1  0  1  0          
    310 19  1  1  1  1          
    310 11  1  2  1  2          
    310  7  1  3  1  3          
    310  6  1  4  1  4          
    310  .  1  5  1  5          
    311 20  1  0  1  0          
    311 16  1  1  1  1          
    311 21  1  2  1  2          
    311 17  1  3  1  3          
    311  .  1  4  1  4          
    311 15  1  5  1  5          
    312 17  1  0  1  0          
    312  .  1  1  1  1          
    312 18  1  2  1  2          
    312 17  1  3  1  3          
    312 17  1  4  1  4          
    312  6  1  5  1  5          
    313 21  1  0  0  0          
    313 19  1  1  0  0          
    313 10  1  2  0  0          
    313 11  1  3  0  0          
    313 11  1  4  0  0          
    313  8  1  5  0  0          
    315 27  1  0  1  0          
    315 21  1  1  1  1          
    315 17  1  2  1  2          
    315 13  1  3  1  3          
    315  5  1  4  1  4          
    315  .  1  5  1  5          
    316 32  1  0  1  0          
    316 26  1  1  1  1          
    316 23  1  2  1  2          
    316 26  1  3  1  3          
    316 23  1  4  1  4          
    316 24  1  5  1  5          
    318 17  1  0  1  0          
    318 18  1  1  1  1          
    318 19  1  2  1  2          
    318 21  1  3  1  3          
    318 17  1  4  1  4          
    318 11  1  5  1  5          
    319 24  1  0  1  0          
    319 18  1  1  1  1          
    319 10  1  2  1  2          
    319 14  1  3  1  3          
    319 13  1  4  1  4          
    319 12  1  5  1  5          
    322 28  1  0  1  0          
    322 21  1  1  1  1          
    322 25  1  2  1  2          
    322 32  1  3  1  3          
    322 34  1  4  1  4          
    322  .  1  5  1  5          
    327 17  1  0  0  0          
    327 18  1  1  0  0          
    327 15  1  2  0  0          
    327  8  1  3  0  0          
    327 19  1  4  0  0          
    327 17  1  5  0  0          
    328 22  1  0  0  0          
    328 24  1  1  0  0          
    328 28  1  2  0  0          
    328 26  1  3  0  0          
    328 28  1  4  0  0          
    328 29  1  5  0  0          
    331 19  1  0  0  0          
    331 21  1  1  0  0          
    331 18  1  2  0  0          
    331 16  1  3  0  0          
    331 14  1  4  0  0          
    331 10  1  5  0  0          
    333 23  1  0  0  0          
    333 20  1  1  0  0          
    333 21  1  2  0  0          
    333 20  1  3  0  0          
    333 24  1  4  0  0          
    333 14  1  5  0  0          
    334 31  1  0  0  0          
    334 25  1  1  0  0          
    334  .  1  2  0  0          
    334  7  1  3  0  0          
    334  8  1  4  0  0          
    334 11  1  5  0  0          
    335 21  1  0  0  0          
    335 21  1  1  0  0          
    335 18  1  2  0  0          
    335 15  1  3  0  0          
    335 12  1  4  0  0          
    335 10  1  5  0  0          
    337 27  1  0  0  0          
    337 22  1  1  0  0          
    337 23  1  2  0  0          
    337 21  1  3  0  0          
    337 12  1  4  0  0          
    337 13  1  5  0  0          
    338 22  1  0  0  0          
    338 20  1  1  0  0          
    338 22  1  2  0  0          
    338 23  1  3  0  0          
    338 19  1  4  0  0          
    338 18  1  5  0  0          
    339 27  1  0  1  0          
    339  .  1  1  1  1          
    339 14  1  2  1  2          
    339 12  1  3  1  3          
    339 11  1  4  1  4          
    339 12  1  5  1  5          
    344  .  1  0  1  0          
    344 21  1  1  1  1          
    344 12  1  2  1  2          
    344 13  1  3  1  3          
    344 13  1  4  1  4          
    344 18  1  5  1  5          
    345 29  1  0  0  0          
    345 27  1  1  0  0          
    345 27  1  2  0  0          
    345 22  1  3  0  0          
    345 22  1  4  0  0          
    345 23  1  5  0  0          
    346 25  1  0  1  0          
    346 24  1  1  1  1          
    346 19  1  2  1  2          
    346 23  1  3  1  3          
    346 14  1  4  1  4          
    346 21  1  5  1  5          
    347 18  1  0  1  0          
    347 15  1  1  1  1          
    347 14  1  2  1  2          
    347 10  1  3  1  3          
    347  8  1  4  1  4          
    347  .  1  5  1  5          
    348 24  1  0  0  0          
    348 21  1  1  0  0          
    348 12  1  2  0  0          
    348 13  1  3  0  0          
    348 12  1  4  0  0          
    348  5  1  5  0  0          
    349 17  1  0  1  0          
    349 19  1  1  1  1          
    349 15  1  2  1  2          
    349 12  1  3  1  3          
    349  9  1  4  1  4          
    349 13  1  5  1  5          
    350 22  1  0  0  0          
    350 25  1  1  0  0          
    350 12  1  2  0  0          
    350 16  1  3  0  0          
    350 10  1  4  0  0          
    350 16  1  5  0  0          
    351 30  1  0  1  0          
    351 27  1  1  1  1          
    351 23  1  2  1  2          
    351 20  1  3  1  3          
    351 12  1  4  1  4          
    351 11  1  5  1  5          
    352 21  1  0  1  0          
    352 19  1  1  1  1          
    352 18  1  2  1  2          
    352 15  1  3  1  3          
    352 18  1  4  1  4          
    352 19  1  5  1  5          
    353 27  1  0  1  0          
    353 21  1  1  1  1          
    353 24  1  2  1  2          
    353 22  1  3  1  3          
    353 16  1  4  1  4          
    353 11  1  5  1  5          
    354 28  1  0  1  0          
    354 27  1  1  1  1          
    354 27  1  2  1  2          
    354 26  1  3  1  3          
    354 23  1  4  1  4          
    354  .  1  5  1  5          
    355 22  1  0  1  0          
    355 26  1  1  1  1          
    355 20  1  2  1  2          
    355 13  1  3  1  3          
    355 10  1  4  1  4          
    355  7  1  5  1  5          
    357 27  1  0  1  0          
    357 22  1  1  1  1          
    357 24  1  2  1  2          
    357 25  1  3  1  3          
    357 19  1  4  1  4          
    357 19  1  5  1  5          
    360 21  1  0  1  0          
    360 28  1  1  1  1          
    360 27  1  2  1  2          
    360 29  1  3  1  3          
    360 28  1  4  1  4          
    360 33  1  5  1  5          
    361 30  1  0  1  0          
    361 22  1  1  1  1          
    361 11  1  2  1  2          
    361  8  1  3  1  3          
    361  7  1  4  1  4          
    361 19  1  5  1  5          
