    1   1  1  1  0  0  0  0  0  0  0  0  0
    1   2  1  1  1  0  0  1  0  0  0  1  1
    1   2  1  1  0  1  0  0  1  0  0  2  2
    1   2  1  1  0  0  1  0  0  1  0  3  3
    2   1  1  1  0  0  0  0  0  0  0  0  0
    2   2  1  1  1  0  0  1  0  0  0  1  1
    2   2  1  1  0  1  0  0  1  0  0  2  2
    2   1  1  1  0  0  1  0  0  1  0  3  3
    3   0  1  1  0  0  0  0  0  0  0  0  0
    3   2  1  1  1  0  0  1  0  0  0  1  1
    3   2  1  1  0  1  0  0  1  0  0  2  2
    3   2  1  1  0  0  1  0  0  1  0  3  3
    4   1  1  1  0  0  0  0  0  0  0  0  0
    4   1  1  1  1  0  0  1  0  0  0  1  1
    4   1  1  1  0  1  0  0  1  0  0  2  2
    4   1  1  1  0  0  1  0  0  1  0  3  3
    5   0  1  1  0  0  0  0  0  0  0  0  0
    5   1  1  1  1  0  0  1  0  0  0  1  1
    5   2  1  1  0  1  0  0  1  0  0  2  2
    5   2  1  1  0  0  1  0  0  1  0  3  3
    6   2  1  1  0  0  0  0  0  0  0  0  0
    6   2  1  1  1  0  0  1  0  0  0  1  1
    6   2  1  1  0  1  0  0  1  0  0  2  2
    6   2  1  1  0  0  1  0  0  1  0  3  3
    7   2  1  1  0  0  0  0  0  0  0  0  0
    7   2  1  1  1  0  0  1  0  0  0  1  1
    7   2  1  1  0  1  0  0  1  0  0  2  2
    7   2  1  1  0  0  1  0  0  1  0  3  3
    8   2  1  1  0  0  0  0  0  0  0  0  0
    8   0  1  1  1  0  0  1  0  0  0  1  1
    8   0  1  1  0  1  0  0  1  0  0  2  2
    8   2  1  1  0  0  1  0  0  1  0  3  3
    9   1  1  1  0  0  0  0  0  0  0  0  0
    9   1  1  1  1  0  0  1  0  0  0  1  1
    9   2  1  1  0  1  0  0  1  0  0  2  2
    9   2  1  1  0  0  1  0  0  1  0  3  3
   10   2  1  1  0  0  0  0  0  0  0  0  0
   10 999  1  1  1  0  0  1  0  0  0  1  1
   10 999  1  1  0  1  0  0  1  0  0  2  2
   10 999  1  1  0  0  1  0  0  1  0  3  3
   11   1  1  1  0  0  0  0  0  0  0  0  0
   11   2  1  1  1  0  0  1  0  0  0  1  1
   11 999  1  1  0  1  0  0  1  0  0  2  2
   11   1  1  1  0  0  1  0  0  1  0  3  3
   12   1  1  1  0  0  0  0  0  0  0  0  0
   12   2  1  1  1  0  0  1  0  0  0  1  1
   12   1  1  1  0  1  0  0  1  0  0  2  2
   12   1  1  1  0  0  1  0  0  1  0  3  3
   13   0  1  1  0  0  0  0  0  0  0  0  0
   13   0  1  1  1  0  0  1  0  0  0  1  1
   13   2  1  1  0  1  0  0  1  0  0  2  2
   13 999  1  1  0  0  1  0  0  1  0  3  3
   14   0  1  1  0  0  0  0  0  0  0  0  0
   14   2  1  1  1  0  0  1  0  0  0  1  1
   14   2  1  1  0  1  0  0  1  0  0  2  2
   14   2  1  1  0  0  1  0  0  1  0  3  3
   15   0  1  1  0  0  0  0  0  0  0  0  0
   15   1  1  1  1  0  0  1  0  0  0  1  1
   15   0  1  1  0  1  0  0  1  0  0  2  2
   15   0  1  1  0  0  1  0  0  1  0  3  3
   16   0  1  1  0  0  0  0  0  0  0  0  0
   16 999  1  1  1  0  0  1  0  0  0  1  1
   16 999  1  1  0  1  0  0  1  0  0  2  2
   16 999  1  1  0  0  1  0  0  1  0  3  3
   17   0  1  1  0  0  0  0  0  0  0  0  0
   17   2  1  1  1  0  0  1  0  0  0  1  1
   17   2  1  1  0  1  0  0  1  0  0  2  2
   17   1  1  1  0  0  1  0  0  1  0  3  3
   18   1  1  1  0  0  0  0  0  0  0  0  0
   18   1  1  1  1  0  0  1  0  0  0  1  1
   18   2  1  1  0  1  0  0  1  0  0  2  2
   18   2  1  1  0  0  1  0  0  1  0  3  3
   19   2  1  1  0  0  0  0  0  0  0  0  0
   19   1  1  1  1  0  0  1  0  0  0  1  1
   19   2  1  1  0  1  0  0  1  0  0  2  2
   19   2  1  1  0  0  1  0  0  1  0  3  3
   20   1  1  1  0  0  0  0  0  0  0  0  0
   20   2  1  1  1  0  0  1  0  0  0  1  1
   20   2  1  1  0  1  0  0  1  0  0  2  2
   20   2  1  1  0  0  1  0  0  1  0  3  3
   21   0  1  1  0  0  0  0  0  0  0  0  0
   21   2  1  1  1  0  0  1  0  0  0  1  1
   21   2  1  1  0  1  0  0  1  0  0  2  2
   21   0  1  1  0  0  1  0  0  1  0  3  3
   22   0  1  1  0  0  0  0  0  0  0  0  0
   22   1  1  1  1  0  0  1  0  0  0  1  1
   22   2  1  1  0  1  0  0  1  0  0  2  2
   22   2  1  1  0  0  1  0  0  1  0  3  3
   23   1  1  1  0  0  0  0  0  0  0  0  0
   23   2  1  1  1  0  0  1  0  0  0  1  1
   23   2  1  1  0  1  0  0  1  0  0  2  2
   23   2  1  1  0  0  1  0  0  1  0  3  3
   24   1  1  1  0  0  0  0  0  0  0  0  0
   24   2  1  1  1  0  0  1  0  0  0  1  1
   24   2  1  1  0  1  0  0  1  0  0  2  2
   24   2  1  1  0  0  1  0  0  1  0  3  3
   25   2  1  1  0  0  0  0  0  0  0  0  0
   25   2  1  1  1  0  0  1  0  0  0  1  1
   25   2  1  1  0  1  0  0  1  0  0  2  2
   25   2  1  1  0  0  1  0  0  1  0  3  3
   26   1  1  1  0  0  0  0  0  0  0  0  0
   26   2  1  1  1  0  0  1  0  0  0  1  1
   26   2  1  1  0  1  0  0  1  0  0  2  2
   26   2  1  1  0  0  1  0  0  1  0  3  3
   27   1  1  1  0  0  0  0  0  0  0  0  0
   27   1  1  1  1  0  0  1  0  0  0  1  1
   27   2  1  1  0  1  0  0  1  0  0  2  2
   27 999  1  1  0  0  1  0  0  1  0  3  3
   28   0  1  1  0  0  0  0  0  0  0  0  0
   28   0  1  1  1  0  0  1  0  0  0  1  1
   28   0  1  1  0  1  0  0  1  0  0  2  2
   28   0  1  1  0  0  1  0  0  1  0  3  3
   29   0  1  1  0  0  0  0  0  0  0  0  0
   29   2  1  1  1  0  0  1  0  0  0  1  1
   29   1  1  1  0  1  0  0  1  0  0  2  2
   29   1  1  1  0  0  1  0  0  1  0  3  3
   30   2  1  1  0  0  0  0  0  0  0  0  0
   30 999  1  1  1  0  0  1  0  0  0  1  1
   30 999  1  1  0  1  0  0  1  0  0  2  2
   30 999  1  1  0  0  1  0  0  1  0  3  3
   31   2  1  1  0  0  0  0  0  0  0  0  0
   31   2  1  1  1  0  0  1  0  0  0  1  1
   31   2  1  1  0  1  0  0  1  0  0  2  2
   31   2  1  1  0  0  1  0  0  1  0  3  3
   32   0  1  1  0  0  0  0  0  0  0  0  0
   32   0  1  1  1  0  0  1  0  0  0  1  1
   32 999  1  1  0  1  0  0  1  0  0  2  2
   32 999  1  1  0  0  1  0  0  1  0  3  3
   33   1  1  1  0  0  0  0  0  0  0  0  0
   33 999  1  1  1  0  0  1  0  0  0  1  1
   33 999  1  1  0  1  0  0  1  0  0  2  2
   33 999  1  1  0  0  1  0  0  1  0  3  3
   34   2  1  1  0  0  0  0  0  0  0  0  0
   34   2  1  1  1  0  0  1  0  0  0  1  1
   34   0  1  1  0  1  0  0  1  0  0  2  2
   34   0  1  1  0  0  1  0  0  1  0  3  3
   35   0  1  1  0  0  0  0  0  0  0  0  0
   35   1  1  1  1  0  0  1  0  0  0  1  1
   35   0  1  1  0  1  0  0  1  0  0  2  2
   35   0  1  1  0  0  1  0  0  1  0  3  3
   36   2  1  1  0  0  0  0  0  0  0  0  0
   36   2  1  1  1  0  0  1  0  0  0  1  1
   36   2  1  1  0  1  0  0  1  0  0  2  2
   36   2  1  1  0  0  1  0  0  1  0  3  3
   37   0  1  1  0  0  0  0  0  0  0  0  0
   37   1  1  1  1  0  0  1  0  0  0  1  1
   37   1  1  1  0  1  0  0  1  0  0  2  2
   37 999  1  1  0  0  1  0  0  1  0  3  3
   38   1  1  1  0  0  0  0  0  0  0  0  0
   38 999  1  1  1  0  0  1  0  0  0  1  1
   38   2  1  1  0  1  0  0  1  0  0  2  2
   38   1  1  1  0  0  1  0  0  1  0  3  3
   39   1  1  1  0  0  0  0  0  0  0  0  0
   39   2  1  1  1  0  0  1  0  0  0  1  1
   39   2  1  1  0  1  0  0  1  0  0  2  2
   39   2  1  1  0  0  1  0  0  1  0  3  3
   40   1  1  1  0  0  0  0  0  0  0  0  0
   40   2  1  1  1  0  0  1  0  0  0  1  1
   40   2  1  1  0  1  0  0  1  0  0  2  2
   40   2  1  1  0  0  1  0  0  1  0  3  3
   41   0  1  1  0  0  0  0  0  0  0  0  0
   41   2  1  1  1  0  0  1  0  0  0  1  1
   41   0  1  1  0  1  0  0  1  0  0  2  2
   41   2  1  1  0  0  1  0  0  1  0  3  3
   42   1  1  1  0  0  0  0  0  0  0  0  0
   42   2  1  1  1  0  0  1  0  0  0  1  1
   42   2  1  1  0  1  0  0  1  0  0  2  2
   42   0  1  1  0  0  1  0  0  1  0  3  3
   43   2  1  1  0  0  0  0  0  0  0  0  0
   43   2  1  1  1  0  0  1  0  0  0  1  1
   43   1  1  1  0  1  0  0  1  0  0  2  2
   43   1  1  1  0  0  1  0  0  1  0  3  3
   44   1  1  1  0  0  0  0  0  0  0  0  0
   44   2  1  1  1  0  0  1  0  0  0  1  1
   44   2  1  1  0  1  0  0  1  0  0  2  2
   44   2  1  1  0  0  1  0  0  1  0  3  3
   45   0  1  1  0  0  0  0  0  0  0  0  0
   45   2  1  1  1  0  0  1  0  0  0  1  1
   45   1  1  1  0  1  0  0  1  0  0  2  2
   45   2  1  1  0  0  1  0  0  1  0  3  3
   46   0  1  1  0  0  0  0  0  0  0  0  0
   46   2  1  1  1  0  0  1  0  0  0  1  1
   46   2  1  1  0  1  0  0  1  0  0  2  2
   46   2  1  1  0  0  1  0  0  1  0  3  3
   47   0  1  1  0  0  0  0  0  0  0  0  0
   47   2  1  1  1  0  0  1  0  0  0  1  1
   47   2  1  1  0  1  0  0  1  0  0  2  2
   47   2  1  1  0  0  1  0  0  1  0  3  3
   48   0  1  1  0  0  0  0  0  0  0  0  0
   48   2  1  1  1  0  0  1  0  0  0  1  1
   48   2  1  1  0  1  0  0  1  0  0  2  2
   48   2  1  1  0  0  1  0  0  1  0  3  3
   49   0  1  1  0  0  0  0  0  0  0  0  0
   49   2  1  1  1  0  0  1  0  0  0  1  1
   49   2  1  1  0  1  0  0  1  0  0  2  2
   49   2  1  1  0  0  1  0  0  1  0  3  3
   50   0  1  1  0  0  0  0  0  0  0  0  0
   50 999  1  1  1  0  0  1  0  0  0  1  1
   50 999  1  1  0  1  0  0  1  0  0  2  2
   50 999  1  1  0  0  1  0  0  1  0  3  3
   51   1  1  1  0  0  0  0  0  0  0  0  0
   51   2  1  1  1  0  0  1  0  0  0  1  1
   51   2  1  1  0  1  0  0  1  0  0  2  2
   51   2  1  1  0  0  1  0  0  1  0  3  3
   52   1  1  1  0  0  0  0  0  0  0  0  0
   52 999  1  1  1  0  0  1  0  0  0  1  1
   52 999  1  1  0  1  0  0  1  0  0  2  2
   52 999  1  1  0  0  1  0  0  1  0  3  3
   53   0  1  1  0  0  0  0  0  0  0  0  0
   53   2  1  1  1  0  0  1  0  0  0  1  1
   53 999  1  1  0  1  0  0  1  0  0  2  2
   53   0  1  1  0  0  1  0  0  1  0  3  3
   54   0  1  1  0  0  0  0  0  0  0  0  0
   54   1  1  1  1  0  0  1  0  0  0  1  1
   54   1  1  1  0  1  0  0  1  0  0  2  2
   54   1  1  1  0  0  1  0  0  1  0  3  3
   55   0  1  1  0  0  0  0  0  0  0  0  0
   55   2  1  1  1  0  0  1  0  0  0  1  1
   55   2  1  1  0  1  0  0  1  0  0  2  2
   55   2  1  1  0  0  1  0  0  1  0  3  3
   56   0  1  1  0  0  0  0  0  0  0  0  0
   56   1  1  1  1  0  0  1  0  0  0  1  1
   56 999  1  1  0  1  0  0  1  0  0  2  2
   56   0  1  1  0  0  1  0  0  1  0  3  3
   57   1  1  1  0  0  0  0  0  0  0  0  0
   57   1  1  1  1  0  0  1  0  0  0  1  1
   57   2  1  1  0  1  0  0  1  0  0  2  2
   57   1  1  1  0  0  1  0  0  1  0  3  3
   58   2  1  1  0  0  0  0  0  0  0  0  0
   58   2  1  1  1  0  0  1  0  0  0  1  1
   58   2  1  1  0  1  0  0  1  0  0  2  2
   58   2  1  1  0  0  1  0  0  1  0  3  3
   59   1  1  1  0  0  0  0  0  0  0  0  0
   59   2  1  1  1  0  0  1  0  0  0  1  1
   59   2  1  1  0  1  0  0  1  0  0  2  2
   59   2  1  1  0  0  1  0  0  1  0  3  3
   60   2  1  1  0  0  0  0  0  0  0  0  0
   60   2  1  1  1  0  0  1  0  0  0  1  1
   60   2  1  1  0  1  0  0  1  0  0  2  2
   60   2  1  1  0  0  1  0  0  1  0  3  3
   61   1  1  1  0  0  0  0  0  0  0  0  0
   61   2  1  1  1  0  0  1  0  0  0  1  1
   61   2  1  1  0  1  0  0  1  0  0  2  2
   61   2  1  1  0  0  1  0  0  1  0  3  3
   62   1  1  1  0  0  0  0  0  0  0  0  0
   62   2  1  1  1  0  0  1  0  0  0  1  1
   62   2  1  1  0  1  0  0  1  0  0  2  2
   62   2  1  1  0  0  1  0  0  1  0  3  3
   63   1  1  1  0  0  0  0  0  0  0  0  0
   63 999  1  1  1  0  0  1  0  0  0  1  1
   63 999  1  1  0  1  0  0  1  0  0  2  2
   63 999  1  1  0  0  1  0  0  1  0  3  3
   64   1  1  1  0  0  0  0  0  0  0  0  0
   64   1  1  1  1  0  0  1  0  0  0  1  1
   64   1  1  1  0  1  0  0  1  0  0  2  2
   64   1  1  1  0  0  1  0  0  1  0  3  3
   65   2  1  1  0  0  0  0  0  0  0  0  0
   65   2  1  1  1  0  0  1  0  0  0  1  1
   65   1  1  1  0  1  0  0  1  0  0  2  2
   65 999  1  1  0  0  1  0  0  1  0  3  3
   66   0  1  1  0  0  0  0  0  0  0  0  0
   66   2  1  1  1  0  0  1  0  0  0  1  1
   66 999  1  1  0  1  0  0  1  0  0  2  2
   66   0  1  1  0  0  1  0  0  1  0  3  3
   67   1  1  1  0  0  0  0  0  0  0  0  0
   67   0  1  1  1  0  0  1  0  0  0  1  1
   67   2  1  1  0  1  0  0  1  0  0  2  2
   67   1  1  1  0  0  1  0  0  1  0  3  3
   68   1  1  1  0  0  0  0  0  0  0  0  0
   68   2  1  1  1  0  0  1  0  0  0  1  1
   68 999  1  1  0  1  0  0  1  0  0  2  2
   68   2  1  1  0  0  1  0  0  1  0  3  3
   69   0  1  1  0  0  0  0  0  0  0  0  0
   69   2  1  1  1  0  0  1  0  0  0  1  1
   69   2  1  1  0  1  0  0  1  0  0  2  2
   69   2  1  1  0  0  1  0  0  1  0  3  3
   70   0  1  1  0  0  0  0  0  0  0  0  0
   70   2  1  1  1  0  0  1  0  0  0  1  1
   70   2  1  1  0  1  0  0  1  0  0  2  2
   70   2  1  1  0  0  1  0  0  1  0  3  3
   71   1  1  1  0  0  0  0  0  0  0  0  0
   71   2  1  1  1  0  0  1  0  0  0  1  1
   71   2  1  1  0  1  0  0  1  0  0  2  2
   71   1  1  1  0  0  1  0  0  1  0  3  3
   72   0  1  1  0  0  0  0  0  0  0  0  0
   72   1  1  1  1  0  0  1  0  0  0  1  1
   72   2  1  1  0  1  0  0  1  0  0  2  2
   72   1  1  1  0  0  1  0  0  1  0  3  3
   73   1  1  1  0  0  0  0  0  0  0  0  0
   73 999  1  1  1  0  0  1  0  0  0  1  1
   73   2  1  1  0  1  0  0  1  0  0  2  2
   73   2  1  1  0  0  1  0  0  1  0  3  3
   74   0  1  1  0  0  0  0  0  0  0  0  0
   74   1  1  1  1  0  0  1  0  0  0  1  1
   74   2  1  1  0  1  0  0  1  0  0  2  2
   74   2  1  1  0  0  1  0  0  1  0  3  3
   75   0  1  1  0  0  0  0  0  0  0  0  0
   75   2  1  1  1  0  0  1  0  0  0  1  1
   75   2  1  1  0  1  0  0  1  0  0  2  2
   75   2  1  1  0  0  1  0  0  1  0  3  3
   76   0  1  1  0  0  0  0  0  0  0  0  0
   76   1  1  1  1  0  0  1  0  0  0  1  1
   76 999  1  1  0  1  0  0  1  0  0  2  2
   76   2  1  1  0  0  1  0  0  1  0  3  3
   77   1  1  1  0  0  0  0  0  0  0  0  0
   77   2  1  1  1  0  0  1  0  0  0  1  1
   77   2  1  1  0  1  0  0  1  0  0  2  2
   77   2  1  1  0  0  1  0  0  1  0  3  3
   78   0  1  1  0  0  0  0  0  0  0  0  0
   78   1  1  1  1  0  0  1  0  0  0  1  1
   78   2  1  1  0  1  0  0  1  0  0  2  2
   78   2  1  1  0  0  1  0  0  1  0  3  3
   79   0  1  1  0  0  0  0  0  0  0  0  0
   79   2  1  1  1  0  0  1  0  0  0  1  1
   79   2  1  1  0  1  0  0  1  0  0  2  2
   79   2  1  1  0  0  1  0  0  1  0  3  3
   80   1  1  1  0  0  0  0  0  0  0  0  0
   80   2  1  1  1  0  0  1  0  0  0  1  1
   80   1  1  1  0  1  0  0  1  0  0  2  2
   80   1  1  1  0  0  1  0  0  1  0  3  3
   81   1  1  1  0  0  0  0  0  0  0  0  0
   81   2  1  1  1  0  0  1  0  0  0  1  1
   81   2  1  1  0  1  0  0  1  0  0  2  2
   81   2  1  1  0  0  1  0  0  1  0  3  3
   82   0  1  1  0  0  0  0  0  0  0  0  0
   82   1  1  1  1  0  0  1  0  0  0  1  1
   82   2  1  1  0  1  0  0  1  0  0  2  2
   82   2  1  1  0  0  1  0  0  1  0  3  3
   83   1  1  1  0  0  0  0  0  0  0  0  0
   83   2  1  1  1  0  0  1  0  0  0  1  1
   83   2  1  1  0  1  0  0  1  0  0  2  2
   83   2  1  1  0  0  1  0  0  1  0  3  3
   84   0  1  1  0  0  0  0  0  0  0  0  0
   84   2  1  1  1  0  0  1  0  0  0  1  1
   84   2  1  1  0  1  0  0  1  0  0  2  2
   84   2  1  1  0  0  1  0  0  1  0  3  3
   85   1  1  1  0  0  0  0  0  0  0  0  0
   85   2  1  1  1  0  0  1  0  0  0  1  1
   85   2  1  1  0  1  0  0  1  0  0  2  2
   85   2  1  1  0  0  1  0  0  1  0  3  3
   86   0  1  1  0  0  0  0  0  0  0  0  0
   86   1  1  1  1  0  0  1  0  0  0  1  1
   86   0  1  1  0  1  0  0  1  0  0  2  2
   86   1  1  1  0  0  1  0  0  1  0  3  3
   87   2  1  1  0  0  0  0  0  0  0  0  0
   87   2  1  1  1  0  0  1  0  0  0  1  1
   87   0  1  1  0  1  0  0  1  0  0  2  2
   87 999  1  1  0  0  1  0  0  1  0  3  3
   88   2  1  1  0  0  0  0  0  0  0  0  0
   88   2  1  1  1  0  0  1  0  0  0  1  1
   88   2  1  1  0  1  0  0  1  0  0  2  2
   88   1  1  1  0  0  1  0  0  1  0  3  3
   89   0  1  1  0  0  0  0  0  0  0  0  0
   89   2  1  1  1  0  0  1  0  0  0  1  1
   89   2  1  1  0  1  0  0  1  0  0  2  2
   89   2  1  1  0  0  1  0  0  1  0  3  3
   90   1  1  1  0  0  0  0  0  0  0  0  0
   90   2  1  1  1  0  0  1  0  0  0  1  1
   90   2  1  1  0  1  0  0  1  0  0  2  2
   90   2  1  1  0  0  1  0  0  1  0  3  3
   91   1  1  1  0  0  0  0  0  0  0  0  0
   91 999  1  1  1  0  0  1  0  0  0  1  1
   91 999  1  1  0  1  0  0  1  0  0  2  2
   91 999  1  1  0  0  1  0  0  1  0  3  3
   92   1  1  1  0  0  0  0  0  0  0  0  0
   92 999  1  1  1  0  0  1  0  0  0  1  1
   92 999  1  1  0  1  0  0  1  0  0  2  2
   92 999  1  1  0  0  1  0  0  1  0  3  3
   93   1  1  1  0  0  0  0  0  0  0  0  0
   93   2  1  1  1  0  0  1  0  0  0  1  1
   93   2  1  1  0  1  0  0  1  0  0  2  2
   93   2  1  1  0  0  1  0  0  1  0  3  3
   94   0  1  1  0  0  0  0  0  0  0  0  0
   94   0  1  1  1  0  0  1  0  0  0  1  1
   94   0  1  1  0  1  0  0  1  0  0  2  2
   94   0  1  1  0  0  1  0  0  1  0  3  3
   95   0  1  1  0  0  0  0  0  0  0  0  0
   95   2  1  1  1  0  0  1  0  0  0  1  1
   95   2  1  1  0  1  0  0  1  0  0  2  2
   95   2  1  1  0  0  1  0  0  1  0  3  3
   96   0  1  1  0  0  0  0  0  0  0  0  0
   96   2  1  1  1  0  0  1  0  0  0  1  1
   96   2  1  1  0  1  0  0  1  0  0  2  2
   96   2  1  1  0  0  1  0  0  1  0  3  3
   97   0  1  1  0  0  0  0  0  0  0  0  0
   97   1  1  1  1  0  0  1  0  0  0  1  1
   97 999  1  1  0  1  0  0  1  0  0  2  2
   97 999  1  1  0  0  1  0  0  1  0  3  3
   98   0  1  1  0  0  0  0  0  0  0  0  0
   98   2  1  1  1  0  0  1  0  0  0  1  1
   98   2  1  1  0  1  0  0  1  0  0  2  2
   98   2  1  1  0  0  1  0  0  1  0  3  3
   99   0  1  1  0  0  0  0  0  0  0  0  0
   99   0  1  1  1  0  0  1  0  0  0  1  1
   99   0  1  1  0  1  0  0  1  0  0  2  2
   99   0  1  1  0  0  1  0  0  1  0  3  3
  100   1  1  1  0  0  0  0  0  0  0  0  0
  100   2  1  1  1  0  0  1  0  0  0  1  1
  100   1  1  1  0  1  0  0  1  0  0  2  2
  100   1  1  1  0  0  1  0  0  1  0  3  3
  101   0  1  1  0  0  0  0  0  0  0  0  0
  101   0  1  1  1  0  0  1  0  0  0  1  1
  101   0  1  1  0  1  0  0  1  0  0  2  2
  101   0  1  1  0  0  1  0  0  1  0  3  3
  102   2  1  1  0  0  0  0  0  0  0  0  0
  102   1  1  1  1  0  0  1  0  0  0  1  1
  102   2  1  1  0  1  0  0  1  0  0  2  2
  102   0  1  1  0  0  1  0  0  1  0  3  3
  103   0  1  1  0  0  0  0  0  0  0  0  0
  103   2  1  1  1  0  0  1  0  0  0  1  1
  103   2  1  1  0  1  0  0  1  0  0  2  2
  103   2  1  1  0  0  1  0  0  1  0  3  3
  104   1  1  1  0  0  0  0  0  0  0  0  0
  104   2  1  1  1  0  0  1  0  0  0  1  1
  104   2  1  1  0  1  0  0  1  0  0  2  2
  104   2  1  1  0  0  1  0  0  1  0  3  3
  105   1  1  1  0  0  0  0  0  0  0  0  0
  105   1  1  1  1  0  0  1  0  0  0  1  1
  105   2  1  1  0  1  0  0  1  0  0  2  2
  105   2  1  1  0  0  1  0  0  1  0  3  3
  106   2  1  1  0  0  0  0  0  0  0  0  0
  106   2  1  1  1  0  0  1  0  0  0  1  1
  106   2  1  1  0  1  0  0  1  0  0  2  2
  106   2  1  1  0  0  1  0  0  1  0  3  3
  107   1  1  1  0  0  0  0  0  0  0  0  0
  107   1  1  1  1  0  0  1  0  0  0  1  1
  107   1  1  1  0  1  0  0  1  0  0  2  2
  107   1  1  1  0  0  1  0  0  1  0  3  3
  108   1  1  1  0  0  0  0  0  0  0  0  0
  108   2  1  1  1  0  0  1  0  0  0  1  1
  108   2  1  1  0  1  0  0  1  0  0  2  2
  108   1  1  1  0  0  1  0  0  1  0  3  3
  109   0  1  1  0  0  0  0  0  0  0  0  0
  109   2  1  1  1  0  0  1  0  0  0  1  1
  109   2  1  1  0  1  0  0  1  0  0  2  2
  109   2  1  1  0  0  1  0  0  1  0  3  3
  110   1  1  1  0  0  0  0  0  0  0  0  0
  110   2  1  1  1  0  0  1  0  0  0  1  1
  110   2  1  1  0  1  0  0  1  0  0  2  2
  110   2  1  1  0  0  1  0  0  1  0  3  3
  111   1  1  1  0  0  0  0  0  0  0  0  0
  111 999  1  1  1  0  0  1  0  0  0  1  1
  111 999  1  1  0  1  0  0  1  0  0  2  2
  111 999  1  1  0  0  1  0  0  1  0  3  3
  112   0  1  1  0  0  0  0  0  0  0  0  0
  112   1  1  1  1  0  0  1  0  0  0  1  1
  112   0  1  1  0  1  0  0  1  0  0  2  2
  112   1  1  1  0  0  1  0  0  1  0  3  3
  113   2  1  1  0  0  0  0  0  0  0  0  0
  113   1  1  1  1  0  0  1  0  0  0  1  1
  113   2  1  1  0  1  0  0  1  0  0  2  2
  113   2  1  1  0  0  1  0  0  1  0  3  3
  114   0  1  1  0  0  0  0  0  0  0  0  0
  114   1  1  1  1  0  0  1  0  0  0  1  1
  114   1  1  1  0  1  0  0  1  0  0  2  2
  114   2  1  1  0  0  1  0  0  1  0  3  3
  115   1  1  1  0  0  0  0  0  0  0  0  0
  115   0  1  1  1  0  0  1  0  0  0  1  1
  115   0  1  1  0  1  0  0  1  0  0  2  2
  115   1  1  1  0  0  1  0  0  1  0  3  3
  116   1  1  1  0  0  0  0  0  0  0  0  0
  116 999  1  1  1  0  0  1  0  0  0  1  1
  116 999  1  1  0  1  0  0  1  0  0  2  2
  116 999  1  1  0  0  1  0  0  1  0  3  3
  117   0  1  1  0  0  0  0  0  0  0  0  0
  117   1  1  1  1  0  0  1  0  0  0  1  1
  117   2  1  1  0  1  0  0  1  0  0  2  2
  117   1  1  1  0  0  1  0  0  1  0  3  3
  118   2  1  1  0  0  0  0  0  0  0  0  0
  118   2  1  1  1  0  0  1  0  0  0  1  1
  118   2  1  1  0  1  0  0  1  0  0  2  2
  118   2  1  1  0  0  1  0  0  1  0  3  3
  119   1  1  1  0  0  0  0  0  0  0  0  0
  119   1  1  1  1  0  0  1  0  0  0  1  1
  119   1  1  1  0  1  0  0  1  0  0  2  2
  119 999  1  1  0  0  1  0  0  1  0  3  3
  120   2  1  1  0  0  0  0  0  0  0  0  0
  120   2  1  1  1  0  0  1  0  0  0  1  1
  120   2  1  1  0  1  0  0  1  0  0  2  2
  120   2  1  1  0  0  1  0  0  1  0  3  3
  121   1  1  1  0  0  0  0  0  0  0  0  0
  121   2  1  1  1  0  0  1  0  0  0  1  1
  121   2  1  1  0  1  0  0  1  0  0  2  2
  121   2  1  1  0  0  1  0  0  1  0  3  3
  122   0  1  1  0  0  0  0  0  0  0  0  0
  122   2  1  1  1  0  0  1  0  0  0  1  1
  122   2  1  1  0  1  0  0  1  0  0  2  2
  122   2  1  1  0  0  1  0  0  1  0  3  3
  123   0  1  1  0  0  0  0  0  0  0  0  0
  123   0  1  1  1  0  0  1  0  0  0  1  1
  123   2  1  1  0  1  0  0  1  0  0  2  2
  123   2  1  1  0  0  1  0  0  1  0  3  3
  124   0  1  1  0  0  0  0  0  0  0  0  0
  124   2  1  1  1  0  0  1  0  0  0  1  1
  124   2  1  1  0  1  0  0  1  0  0  2  2
  124   2  1  1  0  0  1  0  0  1  0  3  3
  125   0  1  1  0  0  0  0  0  0  0  0  0
  125   2  1  1  1  0  0  1  0  0  0  1  1
  125   2  1  1  0  1  0  0  1  0  0  2  2
  125   2  1  1  0  0  1  0  0  1  0  3  3
  126   0  1  1  0  0  0  0  0  0  0  0  0
  126   2  1  1  1  0  0  1  0  0  0  1  1
  126   2  1  1  0  1  0  0  1  0  0  2  2
  126   2  1  1  0  0  1  0  0  1  0  3  3
  127   1  1  1  0  0  0  0  0  0  0  0  0
  127   2  1  1  1  0  0  1  0  0  0  1  1
  127   2  1  1  0  1  0  0  1  0  0  2  2
  127   2  1  1  0  0  1  0  0  1  0  3  3
  128   0  1  1  0  0  0  0  0  0  0  0  0
  128   1  1  1  1  0  0  1  0  0  0  1  1
  128   1  1  1  0  1  0  0  1  0  0  2  2
  128   1  1  1  0  0  1  0  0  1  0  3  3
  129   1  1  1  0  0  0  0  0  0  0  0  0
  129   2  1  1  1  0  0  1  0  0  0  1  1
  129   2  1  1  0  1  0  0  1  0  0  2  2
  129   2  1  1  0  0  1  0  0  1  0  3  3
  130   2  1  1  0  0  0  0  0  0  0  0  0
  130   2  1  1  1  0  0  1  0  0  0  1  1
  130   2  1  1  0  1  0  0  1  0  0  2  2
  130   2  1  1  0  0  1  0  0  1  0  3  3
  131   1  1  1  0  0  0  0  0  0  0  0  0
  131   1  1  1  1  0  0  1  0  0  0  1  1
  131   0  1  1  0  1  0  0  1  0  0  2  2
  131   1  1  1  0  0  1  0  0  1  0  3  3
  132   0  1  1  0  0  0  0  0  0  0  0  0
  132   2  1  1  1  0  0  1  0  0  0  1  1
  132   2  1  1  0  1  0  0  1  0  0  2  2
  132   2  1  1  0  0  1  0  0  1  0  3  3
  133   1  1  1  0  0  0  0  0  0  0  0  0
  133   2  1  1  1  0  0  1  0  0  0  1  1
  133   2  1  1  0  1  0  0  1  0  0  2  2
  133 999  1  1  0  0  1  0  0  1  0  3  3
  134   1  1  1  0  0  0  0  0  0  0  0  0
  134 999  1  1  1  0  0  1  0  0  0  1  1
  134   2  1  1  0  1  0  0  1  0  0  2  2
  134   2  1  1  0  0  1  0  0  1  0  3  3
  135   1  1  1  0  0  0  0  0  0  0  0  0
  135 999  1  1  1  0  0  1  0  0  0  1  1
  135   2  1  1  0  1  0  0  1  0  0  2  2
  135   1  1  1  0  0  1  0  0  1  0  3  3
  136   0  1  1  0  0  0  0  0  0  0  0  0
  136   1  1  1  1  0  0  1  0  0  0  1  1
  136   1  1  1  0  1  0  0  1  0  0  2  2
  136   1  1  1  0  0  1  0  0  1  0  3  3
  137   1  1  1  0  0  0  0  0  0  0  0  0
  137   2  1  1  1  0  0  1  0  0  0  1  1
  137   2  1  1  0  1  0  0  1  0  0  2  2
  137   2  1  1  0  0  1  0  0  1  0  3  3
  138   1  1  1  0  0  0  0  0  0  0  0  0
  138   2  1  1  1  0  0  1  0  0  0  1  1
  138   2  1  1  0  1  0  0  1  0  0  2  2
  138   2  1  1  0  0  1  0  0  1  0  3  3
  139   0  1  1  0  0  0  0  0  0  0  0  0
  139   2  1  1  1  0  0  1  0  0  0  1  1
  139   2  1  1  0  1  0  0  1  0  0  2  2
  139   2  1  1  0  0  1  0  0  1  0  3  3
  140   0  1  1  0  0  0  0  0  0  0  0  0
  140   2  1  1  1  0  0  1  0  0  0  1  1
  140   2  1  1  0  1  0  0  1  0  0  2  2
  140   2  1  1  0  0  1  0  0  1  0  3  3
  141   1  1  1  0  0  0  0  0  0  0  0  0
  141   1  1  1  1  0  0  1  0  0  0  1  1
  141   1  1  1  0  1  0  0  1  0  0  2  2
  141   2  1  1  0  0  1  0  0  1  0  3  3
  142   2  1  1  0  0  0  0  0  0  0  0  0
  142   2  1  1  1  0  0  1  0  0  0  1  1
  142   2  1  1  0  1  0  0  1  0  0  2  2
  142   2  1  1  0  0  1  0  0  1  0  3  3
  143   0  1  1  0  0  0  0  0  0  0  0  0
  143   1  1  1  1  0  0  1  0  0  0  1  1
  143   1  1  1  0  1  0  0  1  0  0  2  2
  143   1  1  1  0  0  1  0  0  1  0  3  3
  144   0  1  1  0  0  0  0  0  0  0  0  0
  144   2  1  1  1  0  0  1  0  0  0  1  1
  144   2  1  1  0  1  0  0  1  0  0  2  2
  144   2  1  1  0  0  1  0  0  1  0  3  3
  145   0  1  1  0  0  0  0  0  0  0  0  0
  145   1  1  1  1  0  0  1  0  0  0  1  1
  145 999  1  1  0  1  0  0  1  0  0  2  2
  145 999  1  1  0  0  1  0  0  1  0  3  3
  146   0  1  1  0  0  0  0  0  0  0  0  0
  146   1  1  1  1  0  0  1  0  0  0  1  1
  146 999  1  1  0  1  0  0  1  0  0  2  2
  146   2  1  1  0  0  1  0  0  1  0  3  3
  147   0  1  1  0  0  0  0  0  0  0  0  0
  147   0  1  1  1  0  0  1  0  0  0  1  1
  147   0  1  1  0  1  0  0  1  0  0  2  2
  147   1  1  1  0  0  1  0  0  1  0  3  3
  148   0  1  1  0  0  0  0  0  0  0  0  0
  148   1  1  1  1  0  0  1  0  0  0  1  1
  148   0  1  1  0  1  0  0  1  0  0  2  2
  148   0  1  1  0  0  1  0  0  1  0  3  3
  149   1  1  1  0  0  0  0  0  0  0  0  0
  149   2  1  1  1  0  0  1  0  0  0  1  1
  149   2  1  1  0  1  0  0  1  0  0  2  2
  149   1  1  1  0  0  1  0  0  1  0  3  3
  150   0  1  1  0  0  0  0  0  0  0  0  0
  150   1  1  1  1  0  0  1  0  0  0  1  1
  150   1  1  1  0  1  0  0  1  0  0  2  2
  150   1  1  1  0  0  1  0  0  1  0  3  3
  151   1  1  1  0  0  0  0  0  0  0  0  0
  151   2  1  1  1  0  0  1  0  0  0  1  1
  151   2  1  1  0  1  0  0  1  0  0  2  2
  151   2  1  1  0  0  1  0  0  1  0  3  3
  152   1  1  1  0  0  0  0  0  0  0  0  0
  152   0  1  1  1  0  0  1  0  0  0  1  1
  152   0  1  1  0  1  0  0  1  0  0  2  2
  152   0  1  1  0  0  1  0  0  1  0  3  3
  153   1  1  1  0  0  0  0  0  0  0  0  0
  153   2  1  1  1  0  0  1  0  0  0  1  1
  153   2  1  1  0  1  0  0  1  0  0  2  2
  153   2  1  1  0  0  1  0  0  1  0  3  3
  154   1  1  1  0  0  0  0  0  0  0  0  0
  154   1  1  1  1  0  0  1  0  0  0  1  1
  154 999  1  1  0  1  0  0  1  0  0  2  2
  154 999  1  1  0  0  1  0  0  1  0  3  3
  155   1  1  1  0  0  0  0  0  0  0  0  0
  155 999  1  1  1  0  0  1  0  0  0  1  1
  155 999  1  1  0  1  0  0  1  0  0  2  2
  155   0  1  1  0  0  1  0  0  1  0  3  3
  156   0  1  1  0  0  0  0  0  0  0  0  0
  156   0  1  1  1  0  0  1  0  0  0  1  1
  156 999  1  1  0  1  0  0  1  0  0  2  2
  156   1  1  1  0  0  1  0  0  1  0  3  3
  157   1  1  1  0  0  0  0  0  0  0  0  0
  157   2  1  1  1  0  0  1  0  0  0  1  1
  157   2  1  1  0  1  0  0  1  0  0  2  2
  157   2  1  1  0  0  1  0  0  1  0  3  3
  158   0  1  1  0  0  0  0  0  0  0  0  0
  158   2  1  1  1  0  0  1  0  0  0  1  1
  158   2  1  1  0  1  0  0  1  0  0  2  2
  158   2  1  1  0  0  1  0  0  1  0  3  3
  159   0  1  1  0  0  0  0  0  0  0  0  0
  159   1  1  1  1  0  0  1  0  0  0  1  1
  159   2  1  1  0  1  0  0  1  0  0  2  2
  159   2  1  1  0  0  1  0  0  1  0  3  3
  160   1  1  1  0  0  0  0  0  0  0  0  0
  160   2  1  1  1  0  0  1  0  0  0  1  1
  160   2  1  1  0  1  0  0  1  0  0  2  2
  160   2  1  1  0  0  1  0  0  1  0  3  3
  161   1  1  1  0  0  0  0  0  0  0  0  0
  161   2  1  1  1  0  0  1  0  0  0  1  1
  161   2  1  1  0  1  0  0  1  0  0  2  2
  161   0  1  1  0  0  1  0  0  1  0  3  3
  162   2  1  1  0  0  0  0  0  0  0  0  0
  162   1  1  1  1  0  0  1  0  0  0  1  1
  162   2  1  1  0  1  0  0  1  0  0  2  2
  162   2  1  1  0  0  1  0  0  1  0  3  3
  163   1  1  1  0  0  0  0  0  0  0  0  0
  163   2  1  1  1  0  0  1  0  0  0  1  1
  163   2  1  1  0  1  0  0  1  0  0  2  2
  163 999  1  1  0  0  1  0  0  1  0  3  3
  164   0  1  1  0  0  0  0  0  0  0  0  0
  164   0  1  1  1  0  0  1  0  0  0  1  1
  164   2  1  1  0  1  0  0  1  0  0  2  2
  164   2  1  1  0  0  1  0  0  1  0  3  3
  165   0  1  1  0  0  0  0  0  0  0  0  0
  165   1  1  1  1  0  0  1  0  0  0  1  1
  165   2  1  1  0  1  0  0  1  0  0  2  2
  165   2  1  1  0  0  1  0  0  1  0  3  3
  166   0  1  1  0  0  0  0  0  0  0  0  0
  166   0  1  1  1  0  0  1  0  0  0  1  1
  166   0  1  1  0  1  0  0  1  0  0  2  2
  166   0  1  1  0  0  1  0  0  1  0  3  3
  167   1  1  1  0  0  0  0  0  0  0  0  0
  167   1  1  1  1  0  0  1  0  0  0  1  1
  167   2  1  1  0  1  0  0  1  0  0  2  2
  167   2  1  1  0  0  1  0  0  1  0  3  3
  168   0  1  1  0  0  0  0  0  0  0  0  0
  168   1  1  1  1  0  0  1  0  0  0  1  1
  168   2  1  1  0  1  0  0  1  0  0  2  2
  168   2  1  1  0  0  1  0  0  1  0  3  3
  169   1  1  1  0  0  0  0  0  0  0  0  0
  169   2  1  1  1  0  0  1  0  0  0  1  1
  169   2  1  1  0  1  0  0  1  0  0  2  2
  169   2  1  1  0  0  1  0  0  1  0  3  3
  170   0  1  1  0  0  0  0  0  0  0  0  0
  170   2  1  1  1  0  0  1  0  0  0  1  1
  170   1  1  1  0  1  0  0  1  0  0  2  2
  170   1  1  1  0  0  1  0  0  1  0  3  3
  171   1  1  1  0  0  0  0  0  0  0  0  0
  171   2  1  1  1  0  0  1  0  0  0  1  1
  171   2  1  1  0  1  0  0  1  0  0  2  2
  171   2  1  1  0  0  1  0  0  1  0  3  3
  172   1  1  1  0  0  0  0  0  0  0  0  0
  172 999  1  1  1  0  0  1  0  0  0  1  1
  172   1  1  1  0  1  0  0  1  0  0  2  2
  172   2  1  1  0  0  1  0  0  1  0  3  3
  173   2  1  1  0  0  0  0  0  0  0  0  0
  173   2  1  1  1  0  0  1  0  0  0  1  1
  173   2  1  1  0  1  0  0  1  0  0  2  2
  173   2  1  1  0  0  1  0  0  1  0  3  3
  174   0  1  1  0  0  0  0  0  0  0  0  0
  174   1  1  1  1  0  0  1  0  0  0  1  1
  174   0  1  1  0  1  0  0  1  0  0  2  2
  174   0  1  1  0  0  1  0  0  1  0  3  3
  175   0  1  1  0  0  0  0  0  0  0  0  0
  175 999  1  1  1  0  0  1  0  0  0  1  1
  175   1  1  1  0  1  0  0  1  0  0  2  2
  175   1  1  1  0  0  1  0  0  1  0  3  3
  176   0  1  1  0  0  0  0  0  0  0  0  0
  176   2  1  1  1  0  0  1  0  0  0  1  1
  176   2  1  1  0  1  0  0  1  0  0  2  2
  176   1  1  1  0  0  1  0  0  1  0  3  3
  177   1  1  1  0  0  0  0  0  0  0  0  0
  177   2  1  1  1  0  0  1  0  0  0  1  1
  177   2  1  1  0  1  0  0  1  0  0  2  2
  177   2  1  1  0  0  1  0  0  1  0  3  3
  178   0  1  1  0  0  0  0  0  0  0  0  0
  178 999  1  1  1  0  0  1  0  0  0  1  1
  178   2  1  1  0  1  0  0  1  0  0  2  2
  178   2  1  1  0  0  1  0  0  1  0  3  3
  179   1  1  1  0  0  0  0  0  0  0  0  0
  179 999  1  1  1  0  0  1  0  0  0  1  1
  179   2  1  1  0  1  0  0  1  0  0  2  2
  179   2  1  1  0  0  1  0  0  1  0  3  3
  180   2  1  1  0  0  0  0  0  0  0  0  0
  180   2  1  1  1  0  0  1  0  0  0  1  1
  180   1  1  1  0  1  0  0  1  0  0  2  2
  180   1  1  1  0  0  1  0  0  1  0  3  3
  181   0  1  1  0  0  0  0  0  0  0  0  0
  181   2  1  1  1  0  0  1  0  0  0  1  1
  181   2  1  1  0  1  0  0  1  0  0  2  2
  181   2  1  1  0  0  1  0  0  1  0  3  3
  182   1  1  0  0  0  0  0  0  0  1  0  0
  182   0  1  0  1  0  0  0  0  0  1  1  0
  182   0  1  0  0  1  0  0  0  0  1  2  0
  182   1  1  0  0  0  1  0  0  0  1  3  0
  183   2  1  0  0  0  0  0  0  0  1  0  0
  183 999  1  0  1  0  0  0  0  0  1  1  0
  183   1  1  0  0  1  0  0  0  0  1  2  0
  183   0  1  0  0  0  1  0  0  0  1  3  0
  184   0  1  0  0  0  0  0  0  0  1  0  0
  184   1  1  0  1  0  0  0  0  0  1  1  0
  184   1  1  0  0  1  0  0  0  0  1  2  0
  184   1  1  0  0  0  1  0  0  0  1  3  0
  185   1  1  0  0  0  0  0  0  0  1  0  0
  185   1  1  0  1  0  0  0  0  0  1  1  0
  185   1  1  0  0  1  0  0  0  0  1  2  0
  185   0  1  0  0  0  1  0  0  0  1  3  0
  186   1  1  0  0  0  0  0  0  0  1  0  0
  186   1  1  0  1  0  0  0  0  0  1  1  0
  186   1  1  0  0  1  0  0  0  0  1  2  0
  186   1  1  0  0  0  1  0  0  0  1  3  0
  187   0  1  0  0  0  0  0  0  0  1  0  0
  187   2  1  0  1  0  0  0  0  0  1  1  0
  187   2  1  0  0  1  0  0  0  0  1  2  0
  187   2  1  0  0  0  1  0  0  0  1  3  0
  188   2  1  0  0  0  0  0  0  0  1  0  0
  188   2  1  0  1  0  0  0  0  0  1  1  0
  188   1  1  0  0  1  0  0  0  0  1  2  0
  188   1  1  0  0  0  1  0  0  0  1  3  0
  189   0  1  0  0  0  0  0  0  0  1  0  0
  189   1  1  0  1  0  0  0  0  0  1  1  0
  189   0  1  0  0  1  0  0  0  0  1  2  0
  189 999  1  0  0  0  1  0  0  0  1  3  0
  190   0  1  0  0  0  0  0  0  0  1  0  0
  190   1  1  0  1  0  0  0  0  0  1  1  0
  190   1  1  0  0  1  0  0  0  0  1  2  0
  190   1  1  0  0  0  1  0  0  0  1  3  0
  191   0  1  0  0  0  0  0  0  0  1  0  0
  191   0  1  0  1  0  0  0  0  0  1  1  0
  191   2  1  0  0  1  0  0  0  0  1  2  0
  191   2  1  0  0  0  1  0  0  0  1  3  0
  192   0  1  0  0  0  0  0  0  0  1  0  0
  192   1  1  0  1  0  0  0  0  0  1  1  0
  192   1  1  0  0  1  0  0  0  0  1  2  0
  192   1  1  0  0  0  1  0  0  0  1  3  0
  193   1  1  0  0  0  0  0  0  0  1  0  0
  193 999  1  0  1  0  0  0  0  0  1  1  0
  193   1  1  0  0  1  0  0  0  0  1  2  0
  193 999  1  0  0  0  1  0  0  0  1  3  0
  194   0  1  0  0  0  0  0  0  0  1  0  0
  194   1  1  0  1  0  0  0  0  0  1  1  0
  194 999  1  0  0  1  0  0  0  0  1  2  0
  194 999  1  0  0  0  1  0  0  0  1  3  0
  195   1  1  0  0  0  0  0  0  0  1  0  0
  195   2  1  0  1  0  0  0  0  0  1  1  0
  195   1  1  0  0  1  0  0  0  0  1  2  0
  195   1  1  0  0  0  1  0  0  0  1  3  0
  196   0  1  0  0  0  0  0  0  0  1  0  0
  196   0  1  0  1  0  0  0  0  0  1  1  0
  196   0  1  0  0  1  0  0  0  0  1  2  0
  196   0  1  0  0  0  1  0  0  0  1  3  0
  197   1  1  0  0  0  0  0  0  0  1  0  0
  197   1  1  0  1  0  0  0  0  0  1  1  0
  197   1  1  0  0  1  0  0  0  0  1  2  0
  197   2  1  0  0  0  1  0  0  0  1  3  0
  198   0  1  0  0  0  0  0  0  0  1  0  0
  198   2  1  0  1  0  0  0  0  0  1  1  0
  198   2  1  0  0  1  0  0  0  0  1  2  0
  198   2  1  0  0  0  1  0  0  0  1  3  0
  199   1  1  0  0  0  0  0  0  0  1  0  0
  199   1  1  0  1  0  0  0  0  0  1  1  0
  199   1  1  0  0  1  0  0  0  0  1  2  0
  199   1  1  0  0  0  1  0  0  0  1  3  0
  200   0  1  0  0  0  0  0  0  0  1  0  0
  200   1  1  0  1  0  0  0  0  0  1  1  0
  200   1  1  0  0  1  0  0  0  0  1  2  0
  200   2  1  0  0  0  1  0  0  0  1  3  0
  201   2  1  0  0  0  0  0  0  0  1  0  0
  201   1  1  0  1  0  0  0  0  0  1  1  0
  201   1  1  0  0  1  0  0  0  0  1  2  0
  201   1  1  0  0  0  1  0  0  0  1  3  0
  202   0  1  0  0  0  0  0  0  0  1  0  0
  202   0  1  0  1  0  0  0  0  0  1  1  0
  202   1  1  0  0  1  0  0  0  0  1  2  0
  202   0  1  0  0  0  1  0  0  0  1  3  0
  203   1  1  0  0  0  0  0  0  0  1  0  0
  203   1  1  0  1  0  0  0  0  0  1  1  0
  203   1  1  0  0  1  0  0  0  0  1  2  0
  203   1  1  0  0  0  1  0  0  0  1  3  0
  204   1  1  0  0  0  0  0  0  0  1  0  0
  204   1  1  0  1  0  0  0  0  0  1  1  0
  204   1  1  0  0  1  0  0  0  0  1  2  0
  204   1  1  0  0  0  1  0  0  0  1  3  0
  205   1  1  0  0  0  0  0  0  0  1  0  0
  205   1  1  0  1  0  0  0  0  0  1  1  0
  205   1  1  0  0  1  0  0  0  0  1  2  0
  205   2  1  0  0  0  1  0  0  0  1  3  0
  206   0  1  0  0  0  0  0  0  0  1  0  0
  206   0  1  0  1  0  0  0  0  0  1  1  0
  206   0  1  0  0  1  0  0  0  0  1  2  0
  206   2  1  0  0  0  1  0  0  0  1  3  0
  207   0  1  0  0  0  0  0  0  0  1  0  0
  207 999  1  0  1  0  0  0  0  0  1  1  0
  207 999  1  0  0  1  0  0  0  0  1  2  0
  207 999  1  0  0  0  1  0  0  0  1  3  0
  208   2  1  0  0  0  0  0  0  0  1  0  0
  208   1  1  0  1  0  0  0  0  0  1  1  0
  208 999  1  0  0  1  0  0  0  0  1  2  0
  208   2  1  0  0  0  1  0  0  0  1  3  0
  209   0  1  0  0  0  0  0  0  0  1  0  0
  209   1  1  0  1  0  0  0  0  0  1  1  0
  209 999  1  0  0  1  0  0  0  0  1  2  0
  209 999  1  0  0  0  1  0  0  0  1  3  0
  210   2  1  0  0  0  0  0  0  0  1  0  0
  210   2  1  0  1  0  0  0  0  0  1  1  0
  210   2  1  0  0  1  0  0  0  0  1  2  0
  210   2  1  0  0  0  1  0  0  0  1  3  0
  211   0  1  0  0  0  0  0  0  0  1  0  0
  211   1  1  0  1  0  0  0  0  0  1  1  0
  211   0  1  0  0  1  0  0  0  0  1  2  0
  211   0  1  0  0  0  1  0  0  0  1  3  0
  212   0  1  0  0  0  0  0  0  0  1  0  0
  212   2  1  0  1  0  0  0  0  0  1  1  0
  212   1  1  0  0  1  0  0  0  0  1  2  0
  212   2  1  0  0  0  1  0  0  0  1  3  0
  213   0  1  0  0  0  0  0  0  0  1  0  0
  213   1  1  0  1  0  0  0  0  0  1  1  0
  213   2  1  0  0  1  0  0  0  0  1  2  0
  213   2  1  0  0  0  1  0  0  0  1  3  0
  214   0  1  0  0  0  0  0  0  0  1  0  0
  214   1  1  0  1  0  0  0  0  0  1  1  0
  214   1  1  0  0  1  0  0  0  0  1  2  0
  214   1  1  0  0  0  1  0  0  0  1  3  0
  215   1  1  0  0  0  0  0  0  0  1  0  0
  215   1  1  0  1  0  0  0  0  0  1  1  0
  215   2  1  0  0  1  0  0  0  0  1  2  0
  215   1  1  0  0  0  1  0  0  0  1  3  0
  216   1  1  0  0  0  0  0  0  0  1  0  0
  216   0  1  0  1  0  0  0  0  0  1  1  0
  216   1  1  0  0  1  0  0  0  0  1  2  0
  216   1  1  0  0  0  1  0  0  0  1  3  0
  217   0  1  0  0  0  0  0  0  0  1  0  0
  217   0  1  0  1  0  0  0  0  0  1  1  0
  217   0  1  0  0  1  0  0  0  0  1  2  0
  217   0  1  0  0  0  1  0  0  0  1  3  0
  218   1  1  0  0  0  0  0  0  0  1  0  0
  218   1  1  0  1  0  0  0  0  0  1  1  0
  218   1  1  0  0  1  0  0  0  0  1  2  0
  218   1  1  0  0  0  1  0  0  0  1  3  0
  219   0  1  0  0  0  0  0  0  0  1  0  0
  219   2  1  0  1  0  0  0  0  0  1  1  0
  219   2  1  0  0  1  0  0  0  0  1  2  0
  219   2  1  0  0  0  1  0  0  0  1  3  0
  220   0  1  0  0  0  0  0  0  0  1  0  0
  220 999  1  0  1  0  0  0  0  0  1  1  0
  220 999  1  0  0  1  0  0  0  0  1  2  0
  220 999  1  0  0  0  1  0  0  0  1  3  0
  221   1  1  0  0  0  0  0  0  0  1  0  0
  221   1  1  0  1  0  0  0  0  0  1  1  0
  221   2  1  0  0  1  0  0  0  0  1  2  0
  221   2  1  0  0  0  1  0  0  0  1  3  0
  222   0  1  0  0  0  0  0  0  0  1  0  0
  222   1  1  0  1  0  0  0  0  0  1  1  0
  222 999  1  0  0  1  0  0  0  0  1  2  0
  222   0  1  0  0  0  1  0  0  0  1  3  0
  223   1  1  0  0  0  0  0  0  0  1  0  0
  223   0  1  0  1  0  0  0  0  0  1  1  0
  223 999  1  0  0  1  0  0  0  0  1  2  0
  223 999  1  0  0  0  1  0  0  0  1  3  0
  224   0  1  0  0  0  0  0  0  0  1  0  0
  224   1  1  0  1  0  0  0  0  0  1  1  0
  224   2  1  0  0  1  0  0  0  0  1  2  0
  224 999  1  0  0  0  1  0  0  0  1  3  0
  225   0  1  0  0  0  0  0  0  0  1  0  0
  225   0  1  0  1  0  0  0  0  0  1  1  0
  225 999  1  0  0  1  0  0  0  0  1  2  0
  225 999  1  0  0  0  1  0  0  0  1  3  0
  226   1  1  0  0  0  0  0  0  0  1  0  0
  226   1  1  0  1  0  0  0  0  0  1  1  0
  226   1  1  0  0  1  0  0  0  0  1  2  0
  226   2  1  0  0  0  1  0  0  0  1  3  0
  227   0  1  0  0  0  0  0  0  0  1  0  0
  227   2  1  0  1  0  0  0  0  0  1  1  0
  227   2  1  0  0  1  0  0  0  0  1  2  0
  227   2  1  0  0  0  1  0  0  0  1  3  0
  228   0  1  0  0  0  0  0  0  0  1  0  0
  228   1  1  0  1  0  0  0  0  0  1  1  0
  228   0  1  0  0  1  0  0  0  0  1  2  0
  228 999  1  0  0  0  1  0  0  0  1  3  0
  229   0  1  0  0  0  0  0  0  0  1  0  0
  229   1  1  0  1  0  0  0  0  0  1  1  0
  229   1  1  0  0  1  0  0  0  0  1  2  0
  229   2  1  0  0  0  1  0  0  0  1  3  0
  230   1  1  0  0  0  0  0  0  0  1  0  0
  230   2  1  0  1  0  0  0  0  0  1  1  0
  230 999  1  0  0  1  0  0  0  0  1  2  0
  230   1  1  0  0  0  1  0  0  0  1  3  0
  231 999  1  0  0  0  0  0  0  0  1  0  0
  231 999  1  0  1  0  0  0  0  0  1  1  0
  231 999  1  0  0  1  0  0  0  0  1  2  0
  231 999  1  0  0  0  1  0  0  0  1  3  0
  232   0  1  0  0  0  0  0  0  0  1  0  0
  232   2  1  0  1  0  0  0  0  0  1  1  0
  232   2  1  0  0  1  0  0  0  0  1  2  0
  232   2  1  0  0  0  1  0  0  0  1  3  0
  233   1  1  0  0  0  0  0  0  0  1  0  0
  233   1  1  0  1  0  0  0  0  0  1  1  0
  233   2  1  0  0  1  0  0  0  0  1  2  0
  233   2  1  0  0  0  1  0  0  0  1  3  0
  234   2  1  0  0  0  0  0  0  0  1  0  0
  234   2  1  0  1  0  0  0  0  0  1  1  0
  234   2  1  0  0  1  0  0  0  0  1  2  0
  234   1  1  0  0  0  1  0  0  0  1  3  0
  235   0  1  0  0  0  0  0  0  0  1  0  0
  235   0  1  0  1  0  0  0  0  0  1  1  0
  235   1  1  0  0  1  0  0  0  0  1  2  0
  235   1  1  0  0  0  1  0  0  0  1  3  0
  236   1  1  0  0  0  0  0  0  0  1  0  0
  236   1  1  0  1  0  0  0  0  0  1  1  0
  236   1  1  0  0  1  0  0  0  0  1  2  0
  236   1  1  0  0  0  1  0  0  0  1  3  0
  237   0  1  0  0  0  0  0  0  0  1  0  0
  237 999  1  0  1  0  0  0  0  0  1  1  0
  237   1  1  0  0  1  0  0  0  0  1  2  0
  237   1  1  0  0  0  1  0  0  0  1  3  0
  238   0  1  0  0  0  0  0  0  0  1  0  0
  238   2  1  0  1  0  0  0  0  0  1  1  0
  238   2  1  0  0  1  0  0  0  0  1  2  0
  238 999  1  0  0  0  1  0  0  0  1  3  0
  239   1  1  0  0  0  0  0  0  0  1  0  0
  239   2  1  0  1  0  0  0  0  0  1  1  0
  239 999  1  0  0  1  0  0  0  0  1  2  0
  239   2  1  0  0  0  1  0  0  0  1  3  0
  240   0  1  0  0  0  0  0  0  0  1  0  0
  240 999  1  0  1  0  0  0  0  0  1  1  0
  240   1  1  0  0  1  0  0  0  0  1  2  0
  240   1  1  0  0  0  1  0  0  0  1  3  0
  241   0  1  0  0  0  0  0  0  0  1  0  0
  241   1  1  0  1  0  0  0  0  0  1  1  0
  241 999  1  0  0  1  0  0  0  0  1  2  0
  241   0  1  0  0  0  1  0  0  0  1  3  0
  242   0  1  0  0  0  0  0  0  0  1  0  0
  242   1  1  0  1  0  0  0  0  0  1  1  0
  242   2  1  0  0  1  0  0  0  0  1  2  0
  242   2  1  0  0  0  1  0  0  0  1  3  0
  243   0  1  0  0  0  0  0  0  0  1  0  0
  243   1  1  0  1  0  0  0  0  0  1  1  0
  243   1  1  0  0  1  0  0  0  0  1  2  0
  243   2  1  0  0  0  1  0  0  0  1  3  0
  244   1  1  0  0  0  0  0  0  0  1  0  0
  244   1  1  0  1  0  0  0  0  0  1  1  0
  244   2  1  0  0  1  0  0  0  0  1  2  0
  244   1  1  0  0  0  1  0  0  0  1  3  0
  245   0  1  0  0  0  0  0  0  0  1  0  0
  245   0  1  0  1  0  0  0  0  0  1  1  0
  245   1  1  0  0  1  0  0  0  0  1  2  0
  245   1  1  0  0  0  1  0  0  0  1  3  0
  246   1  1  0  0  0  0  0  0  0  1  0  0
  246   1  1  0  1  0  0  0  0  0  1  1  0
  246   1  1  0  0  1  0  0  0  0  1  2  0
  246   1  1  0  0  0  1  0  0  0  1  3  0
  247   1  1  0  0  0  0  0  0  0  1  0  0
  247   2  1  0  1  0  0  0  0  0  1  1  0
  247   1  1  0  0  1  0  0  0  0  1  2  0
  247   1  1  0  0  0  1  0  0  0  1  3  0
  248   2  1  0  0  0  0  0  0  0  1  0  0
  248   2  1  0  1  0  0  0  0  0  1  1  0
  248   2  1  0  0  1  0  0  0  0  1  2  0
  248   2  1  0  0  0  1  0  0  0  1  3  0
  249   1  1  0  0  0  0  0  0  0  1  0  0
  249   1  1  0  1  0  0  0  0  0  1  1  0
  249   1  1  0  0  1  0  0  0  0  1  2  0
  249   2  1  0  0  0  1  0  0  0  1  3  0
  250   0  1  0  0  0  0  0  0  0  1  0  0
  250 999  1  0  1  0  0  0  0  0  1  1  0
  250 999  1  0  0  1  0  0  0  0  1  2  0
  250 999  1  0  0  0  1  0  0  0  1  3  0
  251   1  1  0  0  0  0  0  0  0  1  0  0
  251   2  1  0  1  0  0  0  0  0  1  1  0
  251   1  1  0  0  1  0  0  0  0  1  2  0
  251   2  1  0  0  0  1  0  0  0  1  3  0
  252   0  1  0  0  0  0  0  0  0  1  0  0
  252   1  1  0  1  0  0  0  0  0  1  1  0
  252   1  1  0  0  1  0  0  0  0  1  2  0
  252   1  1  0  0  0  1  0  0  0  1  3  0
  253   1  1  0  0  0  0  0  0  0  1  0  0
  253   1  1  0  1  0  0  0  0  0  1  1  0
  253   2  1  0  0  1  0  0  0  0  1  2  0
  253   2  1  0  0  0  1  0  0  0  1  3  0
  254   0  1  0  0  0  0  0  0  0  1  0  0
  254   1  1  0  1  0  0  0  0  0  1  1  0
  254 999  1  0  0  1  0  0  0  0  1  2  0
  254   1  1  0  0  0  1  0  0  0  1  3  0
  255   0  1  0  0  0  0  0  0  0  1  0  0
  255   0  1  0  1  0  0  0  0  0  1  1  0
  255   1  1  0  0  1  0  0  0  0  1  2  0
  255   2  1  0  0  0  1  0  0  0  1  3  0
  256   2  1  0  0  0  0  0  0  0  1  0  0
  256   1  1  0  1  0  0  0  0  0  1  1  0
  256   1  1  0  0  1  0  0  0  0  1  2  0
  256   2  1  0  0  0  1  0  0  0  1  3  0
  257   0  1  0  0  0  0  0  0  0  1  0  0
  257   0  1  0  1  0  0  0  0  0  1  1  0
  257   0  1  0  0  1  0  0  0  0  1  2  0
  257   0  1  0  0  0  1  0  0  0  1  3  0
  258   0  1  0  0  0  0  0  0  0  1  0  0
  258   1  1  0  1  0  0  0  0  0  1  1  0
  258   1  1  0  0  1  0  0  0  0  1  2  0
  258   1  1  0  0  0  1  0  0  0  1  3  0
  259   0  1  0  0  0  0  0  0  0  1  0  0
  259   0  1  0  1  0  0  0  0  0  1  1  0
  259   1  1  0  0  1  0  0  0  0  1  2  0
  259   1  1  0  0  0  1  0  0  0  1  3  0
  260   1  1  0  0  0  0  0  0  0  1  0  0
  260 999  1  0  1  0  0  0  0  0  1  1  0
  260 999  1  0  0  1  0  0  0  0  1  2  0
  260 999  1  0  0  0  1  0  0  0  1  3  0
  261   1  1  0  0  0  0  0  0  0  1  0  0
  261   1  1  0  1  0  0  0  0  0  1  1  0
  261   1  1  0  0  1  0  0  0  0  1  2  0
  261   1  1  0  0  0  1  0  0  0  1  3  0
  262   0  1  0  0  0  0  0  0  0  1  0  0
  262   1  1  0  1  0  0  0  0  0  1  1  0
  262   2  1  0  0  1  0  0  0  0  1  2  0
  262   1  1  0  0  0  1  0  0  0  1  3  0
  263   0  1  0  0  0  0  0  0  0  1  0  0
  263   2  1  0  1  0  0  0  0  0  1  1  0
  263   2  1  0  0  1  0  0  0  0  1  2  0
  263   1  1  0  0  0  1  0  0  0  1  3  0
  264   0  1  0  0  0  0  0  0  0  1  0  0
  264   1  1  0  1  0  0  0  0  0  1  1  0
  264   2  1  0  0  1  0  0  0  0  1  2  0
  264   2  1  0  0  0  1  0  0  0  1  3  0
  265   1  1  0  0  0  0  0  0  0  1  0  0
  265   2  1  0  1  0  0  0  0  0  1  1  0
  265   2  1  0  0  1  0  0  0  0  1  2  0
  265   2  1  0  0  0  1  0  0  0  1  3  0
  266   1  1  0  0  0  0  0  0  0  1  0  0
  266   2  1  0  1  0  0  0  0  0  1  1  0
  266   2  1  0  0  1  0  0  0  0  1  2  0
  266   2  1  0  0  0  1  0  0  0  1  3  0
  267   0  1  0  0  0  0  0  0  0  1  0  0
  267   0  1  0  1  0  0  0  0  0  1  1  0
  267   0  1  0  0  1  0  0  0  0  1  2  0
  267   0  1  0  0  0  1  0  0  0  1  3  0
  268   1  1  0  0  0  0  0  0  0  1  0  0
  268   1  1  0  1  0  0  0  0  0  1  1  0
  268   2  1  0  0  1  0  0  0  0  1  2  0
  268   2  1  0  0  0  1  0  0  0  1  3  0
  269   1  1  0  0  0  0  0  0  0  1  0  0
  269   1  1  0  1  0  0  0  0  0  1  1  0
  269   1  1  0  0  1  0  0  0  0  1  2  0
  269 999  1  0  0  0  1  0  0  0  1  3  0
  270   0  1  0  0  0  0  0  0  0  1  0  0
  270   1  1  0  1  0  0  0  0  0  1  1  0
  270   1  1  0  0  1  0  0  0  0  1  2  0
  270   0  1  0  0  0  1  0  0  0  1  3  0
  271   1  1  0  0  0  0  0  0  0  1  0  0
  271   1  1  0  1  0  0  0  0  0  1  1  0
  271   1  1  0  0  1  0  0  0  0  1  2  0
  271   2  1  0  0  0  1  0  0  0  1  3  0
  272   1  1  0  0  0  0  0  0  0  1  0  0
  272   1  1  0  1  0  0  0  0  0  1  1  0
  272   2  1  0  0  1  0  0  0  0  1  2  0
  272   2  1  0  0  0  1  0  0  0  1  3  0
  273   0  1  0  0  0  0  0  0  0  1  0  0
  273   2  1  0  1  0  0  0  0  0  1  1  0
  273   2  1  0  0  1  0  0  0  0  1  2  0
  273   2  1  0  0  0  1  0  0  0  1  3  0
  274   1  1  0  0  0  0  0  0  0  1  0  0
  274   0  1  0  1  0  0  0  0  0  1  1  0
  274   1  1  0  0  1  0  0  0  0  1  2  0
  274   0  1  0  0  0  1  0  0  0  1  3  0
  275   1  1  0  0  0  0  0  0  0  1  0  0
  275   1  1  0  1  0  0  0  0  0  1  1  0
  275   0  1  0  0  1  0  0  0  0  1  2  0
  275   0  1  0  0  0  1  0  0  0  1  3  0
  276   1  1  0  0  0  0  0  0  0  1  0  0
  276   1  1  0  1  0  0  0  0  0  1  1  0
  276 999  1  0  0  1  0  0  0  0  1  2  0
  276   1  1  0  0  0  1  0  0  0  1  3  0
  277   0  1  0  0  0  0  0  0  0  1  0  0
  277   2  1  0  1  0  0  0  0  0  1  1  0
  277   2  1  0  0  1  0  0  0  0  1  2  0
  277   2  1  0  0  0  1  0  0  0  1  3  0
  278   1  1  0  0  0  0  0  0  0  1  0  0
  278   1  1  0  1  0  0  0  0  0  1  1  0
  278   1  1  0  0  1  0  0  0  0  1  2  0
  278   1  1  0  0  0  1  0  0  0  1  3  0
  279   1  1  0  0  0  0  0  0  0  1  0  0
  279 999  1  0  1  0  0  0  0  0  1  1  0
  279   1  1  0  0  1  0  0  0  0  1  2  0
  279   1  1  0  0  0  1  0  0  0  1  3  0
  280   0  1  0  0  0  0  0  0  0  1  0  0
  280   1  1  0  1  0  0  0  0  0  1  1  0
  280   1  1  0  0  1  0  0  0  0  1  2  0
  280   1  1  0  0  0  1  0  0  0  1  3  0
  281   0  1  0  0  0  0  0  0  0  1  0  0
  281   1  1  0  1  0  0  0  0  0  1  1  0
  281   1  1  0  0  1  0  0  0  0  1  2  0
  281   1  1  0  0  0  1  0  0  0  1  3  0
  282   0  1  0  0  0  0  0  0  0  1  0  0
  282   0  1  0  1  0  0  0  0  0  1  1  0
  282   2  1  0  0  1  0  0  0  0  1  2  0
  282   2  1  0  0  0  1  0  0  0  1  3  0
  283   0  1  0  0  0  0  0  0  0  1  0  0
  283   2  1  0  1  0  0  0  0  0  1  1  0
  283   1  1  0  0  1  0  0  0  0  1  2  0
  283   1  1  0  0  0  1  0  0  0  1  3  0
  284   0  1  0  0  0  0  0  0  0  1  0  0
  284   2  1  0  1  0  0  0  0  0  1  1  0
  284   1  1  0  0  1  0  0  0  0  1  2  0
  284 999  1  0  0  0  1  0  0  0  1  3  0
  285   2  1  0  0  0  0  0  0  0  1  0  0
  285   1  1  0  1  0  0  0  0  0  1  1  0
  285   1  1  0  0  1  0  0  0  0  1  2  0
  285   2  1  0  0  0  1  0  0  0  1  3  0
  286   1  1  0  0  0  0  0  0  0  1  0  0
  286 999  1  0  1  0  0  0  0  0  1  1  0
  286 999  1  0  0  1  0  0  0  0  1  2  0
  286 999  1  0  0  0  1  0  0  0  1  3  0
  287   0  1  0  0  0  0  0  0  0  1  0  0
  287   1  1  0  1  0  0  0  0  0  1  1  0
  287   1  1  0  0  1  0  0  0  0  1  2  0
  287   1  1  0  0  0  1  0  0  0  1  3  0
  288   1  1  0  0  0  0  0  0  0  1  0  0
  288 999  1  0  1  0  0  0  0  0  1  1  0
  288 999  1  0  0  1  0  0  0  0  1  2  0
  288 999  1  0  0  0  1  0  0  0  1  3  0
  289   0  1  0  0  0  0  0  0  0  1  0  0
  289   1  1  0  1  0  0  0  0  0  1  1  0
  289 999  1  0  0  1  0  0  0  0  1  2  0
  289 999  1  0  0  0  1  0  0  0  1  3  0
  290   0  1  0  0  0  0  0  0  0  1  0  0
  290   1  1  0  1  0  0  0  0  0  1  1  0
  290   1  1  0  0  1  0  0  0  0  1  2  0
  290   1  1  0  0  0  1  0  0  0  1  3  0
  291   0  1  0  0  0  0  0  0  0  1  0  0
  291   2  1  0  1  0  0  0  0  0  1  1  0
  291   2  1  0  0  1  0  0  0  0  1  2  0
  291   2  1  0  0  0  1  0  0  0  1  3  0
  292   0  1  0  0  0  0  0  0  0  1  0  0
  292   1  1  0  1  0  0  0  0  0  1  1  0
  292   1  1  0  0  1  0  0  0  0  1  2  0
  292   2  1  0  0  0  1  0  0  0  1  3  0
  293   0  1  0  0  0  0  0  0  0  1  0  0
  293   1  1  0  1  0  0  0  0  0  1  1  0
  293   1  1  0  0  1  0  0  0  0  1  2  0
  293   1  1  0  0  0  1  0  0  0  1  3  0
  294   0  1  0  0  0  0  0  0  0  1  0  0
  294   2  1  0  1  0  0  0  0  0  1  1  0
  294   2  1  0  0  1  0  0  0  0  1  2  0
  294   2  1  0  0  0  1  0  0  0  1  3  0
  295   1  1  0  0  0  0  0  0  0  1  0  0
  295   1  1  0  1  0  0  0  0  0  1  1  0
  295   2  1  0  0  1  0  0  0  0  1  2  0
  295   1  1  0  0  0  1  0  0  0  1  3  0
  296   0  1  0  0  0  0  0  0  0  1  0  0
  296   1  1  0  1  0  0  0  0  0  1  1  0
  296   1  1  0  0  1  0  0  0  0  1  2  0
  296   1  1  0  0  0  1  0  0  0  1  3  0
  297   0  1  0  0  0  0  0  0  0  1  0  0
  297   2  1  0  1  0  0  0  0  0  1  1  0
  297   1  1  0  0  1  0  0  0  0  1  2  0
  297   1  1  0  0  0  1  0  0  0  1  3  0
  298   0  1  0  0  0  0  0  0  0  1  0  0
  298   1  1  0  1  0  0  0  0  0  1  1  0
  298   1  1  0  0  1  0  0  0  0  1  2  0
  298   1  1  0  0  0  1  0  0  0  1  3  0
  299   0  1  0  0  0  0  0  0  0  1  0  0
  299   1  1  0  1  0  0  0  0  0  1  1  0
  299   2  1  0  0  1  0  0  0  0  1  2  0
  299   2  1  0  0  0  1  0  0  0  1  3  0
  300   0  1  0  0  0  0  0  0  0  1  0  0
  300   0  1  0  1  0  0  0  0  0  1  1  0
  300   1  1  0  0  1  0  0  0  0  1  2  0
  300   1  1  0  0  0  1  0  0  0  1  3  0
  301   2  1  0  0  0  0  0  0  0  1  0  0
  301   1  1  0  1  0  0  0  0  0  1  1  0
  301   1  1  0  0  1  0  0  0  0  1  2  0
  301   1  1  0  0  0  1  0  0  0  1  3  0
  302   0  1  0  0  0  0  0  0  0  1  0  0
  302 999  1  0  1  0  0  0  0  0  1  1  0
  302 999  1  0  0  1  0  0  0  0  1  2  0
  302 999  1  0  0  0  1  0  0  0  1  3  0
  303   1  1  0  0  0  0  0  0  0  1  0  0
  303   1  1  0  1  0  0  0  0  0  1  1  0
  303   1  1  0  0  1  0  0  0  0  1  2  0
  303   2  1  0  0  0  1  0  0  0  1  3  0
  304   2  1  0  0  0  0  0  0  0  1  0  0
  304   2  1  0  1  0  0  0  0  0  1  1  0
  304   2  1  0  0  1  0  0  0  0  1  2  0
  304   2  1  0  0  0  1  0  0  0  1  3  0
  305   0  1  0  0  0  0  0  0  0  1  0  0
  305   1  1  0  1  0  0  0  0  0  1  1  0
  305   1  1  0  0  1  0  0  0  0  1  2  0
  305   1  1  0  0  0  1  0  0  0  1  3  0
  306   1  1  0  0  0  0  0  0  0  1  0  0
  306   1  1  0  1  0  0  0  0  0  1  1  0
  306   1  1  0  0  1  0  0  0  0  1  2  0
  306   2  1  0  0  0  1  0  0  0  1  3  0
  307   0  1  0  0  0  0  0  0  0  1  0  0
  307   2  1  0  1  0  0  0  0  0  1  1  0
  307   2  1  0  0  1  0  0  0  0  1  2  0
  307   1  1  0  0  0  1  0  0  0  1  3  0
  308   0  1  0  0  0  0  0  0  0  1  0  0
  308   1  1  0  1  0  0  0  0  0  1  1  0
  308   1  1  0  0  1  0  0  0  0  1  2  0
  308   2  1  0  0  0  1  0  0  0  1  3  0
  309   0  1  0  0  0  0  0  0  0  1  0  0
  309   1  1  0  1  0  0  0  0  0  1  1  0
  309   1  1  0  0  1  0  0  0  0  1  2  0
  309   2  1  0  0  0  1  0  0  0  1  3  0
  310   1  1  0  0  0  0  0  0  0  1  0  0
  310   1  1  0  1  0  0  0  0  0  1  1  0
  310   1  1  0  0  1  0  0  0  0  1  2  0
  310   1  1  0  0  0  1  0  0  0  1  3  0
  311   0  1  0  0  0  0  0  0  0  1  0  0
  311   0  1  0  1  0  0  0  0  0  1  1  0
  311   0  1  0  0  1  0  0  0  0  1  2  0
  311   0  1  0  0  0  1  0  0  0  1  3  0
  312   2  1  0  0  0  0  0  0  0  1  0  0
  312   1  1  0  1  0  0  0  0  0  1  1  0
  312 999  1  0  0  1  0  0  0  0  1  2  0
  312   2  1  0  0  0  1  0  0  0  1  3  0
  313   0  1  0  0  0  0  0  0  0  1  0  0
  313   0  1  0  1  0  0  0  0  0  1  1  0
  313   2  1  0  0  1  0  0  0  0  1  2  0
  313 999  1  0  0  0  1  0  0  0  1  3  0
  314   2  1  0  0  0  0  0  0  0  1  0  0
  314   1  1  0  1  0  0  0  0  0  1  1  0
  314   1  1  0  0  1  0  0  0  0  1  2  0
  314   1  1  0  0  0  1  0  0  0  1  3  0
  315   2  1  0  0  0  0  0  0  0  1  0  0
  315   2  1  0  1  0  0  0  0  0  1  1  0
  315   2  1  0  0  1  0  0  0  0  1  2  0
  315   2  1  0  0  0  1  0  0  0  1  3  0
  316   1  1  0  0  0  0  0  0  0  1  0  0
  316   2  1  0  1  0  0  0  0  0  1  1  0
  316   2  1  0  0  1  0  0  0  0  1  2  0
  316   1  1  0  0  0  1  0  0  0  1  3  0
  317   1  1  0  0  0  0  0  0  0  1  0  0
  317   2  1  0  1  0  0  0  0  0  1  1  0
  317   2  1  0  0  1  0  0  0  0  1  2  0
  317   2  1  0  0  0  1  0  0  0  1  3  0
  318   0  1  0  0  0  0  0  0  0  1  0  0
  318   2  1  0  1  0  0  0  0  0  1  1  0
  318   2  1  0  0  1  0  0  0  0  1  2  0
  318   2  1  0  0  0  1  0  0  0  1  3  0
  319   0  1  0  0  0  0  0  0  0  1  0  0
  319   1  1  0  1  0  0  0  0  0  1  1  0
  319 999  1  0  0  1  0  0  0  0  1  2  0
  319 999  1  0  0  0  1  0  0  0  1  3  0
  320   1  1  0  0  0  0  0  0  0  1  0  0
  320   1  1  0  1  0  0  0  0  0  1  1  0
  320   1  1  0  0  1  0  0  0  0  1  2  0
  320   1  1  0  0  0  1  0  0  0  1  3  0
  321   0  1  0  0  0  0  0  0  0  1  0  0
  321   2  1  0  1  0  0  0  0  0  1  1  0
  321   2  1  0  0  1  0  0  0  0  1  2  0
  321   2  1  0  0  0  1  0  0  0  1  3  0
  322   0  1  0  0  0  0  0  0  0  1  0  0
  322   1  1  0  1  0  0  0  0  0  1  1  0
  322   0  1  0  0  1  0  0  0  0  1  2  0
  322   0  1  0  0  0  1  0  0  0  1  3  0
  323   0  1  0  0  0  0  0  0  0  1  0  0
  323   0  1  0  1  0  0  0  0  0  1  1  0
  323   1  1  0  0  1  0  0  0  0  1  2  0
  323   1  1  0  0  0  1  0  0  0  1  3  0
  324   0  1  0  0  0  0  0  0  0  1  0  0
  324 999  1  0  1  0  0  0  0  0  1  1  0
  324 999  1  0  0  1  0  0  0  0  1  2  0
  324 999  1  0  0  0  1  0  0  0  1  3  0
  325   1  1  0  0  0  0  0  0  0  1  0  0
  325   1  1  0  1  0  0  0  0  0  1  1  0
  325   2  1  0  0  1  0  0  0  0  1  2  0
  325 999  1  0  0  0  1  0  0  0  1  3  0
  326   0  1  0  0  0  0  0  0  0  1  0  0
  326   0  1  0  1  0  0  0  0  0  1  1  0
  326   2  1  0  0  1  0  0  0  0  1  2  0
  326   2  1  0  0  0  1  0  0  0  1  3  0
  327   0  1  0  0  0  0  0  0  0  1  0  0
  327   1  1  0  1  0  0  0  0  0  1  1  0
  327   1  1  0  0  1  0  0  0  0  1  2  0
  327   1  1  0  0  0  1  0  0  0  1  3  0
  328   1  1  0  0  0  0  0  0  0  1  0  0
  328   1  1  0  1  0  0  0  0  0  1  1  0
  328   1  1  0  0  1  0  0  0  0  1  2  0
  328   2  1  0  0  0  1  0  0  0  1  3  0
  329   0  1  0  0  0  0  0  0  0  1  0  0
  329   2  1  0  1  0  0  0  0  0  1  1  0
  329 999  1  0  0  1  0  0  0  0  1  2  0
  329 999  1  0  0  0  1  0  0  0  1  3  0
  330   2  1  0  0  0  0  0  0  0  1  0  0
  330 999  1  0  1  0  0  0  0  0  1  1  0
  330 999  1  0  0  1  0  0  0  0  1  2  0
  330   1  1  0  0  0  1  0  0  0  1  3  0
  331   1  1  0  0  0  0  0  0  0  1  0  0
  331   1  1  0  1  0  0  0  0  0  1  1  0
  331   2  1  0  0  1  0  0  0  0  1  2  0
  331   1  1  0  0  0  1  0  0  0  1  3  0
  332   0  1  0  0  0  0  0  0  0  1  0  0
  332 999  1  0  1  0  0  0  0  0  1  1  0
  332 999  1  0  0  1  0  0  0  0  1  2  0
  332 999  1  0  0  0  1  0  0  0  1  3  0
  333   0  1  0  0  0  0  0  0  0  1  0  0
  333   1  1  0  1  0  0  0  0  0  1  1  0
  333   1  1  0  0  1  0  0  0  0  1  2  0
  333   1  1  0  0  0  1  0  0  0  1  3  0
  334   1  1  0  0  0  0  0  0  0  1  0  0
  334   0  1  0  1  0  0  0  0  0  1  1  0
  334 999  1  0  0  1  0  0  0  0  1  2  0
  334 999  1  0  0  0  1  0  0  0  1  3  0
  335   0  1  0  0  0  0  0  0  0  1  0  0
  335   1  1  0  1  0  0  0  0  0  1  1  0
  335   1  1  0  0  1  0  0  0  0  1  2  0
  335 999  1  0  0  0  1  0  0  0  1  3  0
  336   0  1  0  0  0  0  0  0  0  1  0  0
  336 999  1  0  1  0  0  0  0  0  1  1  0
  336 999  1  0  0  1  0  0  0  0  1  2  0
  336 999  1  0  0  0  1  0  0  0  1  3  0
  337   1  1  0  0  0  0  0  0  0  1  0  0
  337   1  1  0  1  0  0  0  0  0  1  1  0
  337   2  1  0  0  1  0  0  0  0  1  2  0
  337   2  1  0  0  0  1  0  0  0  1  3  0
  338   1  1  0  0  0  0  0  0  0  1  0  0
  338   2  1  0  1  0  0  0  0  0  1  1  0
  338   2  1  0  0  1  0  0  0  0  1  2  0
  338   2  1  0  0  0  1  0  0  0  1  3  0
  339   0  1  0  0  0  0  0  0  0  1  0  0
  339   0  1  0  1  0  0  0  0  0  1  1  0
  339   2  1  0  0  1  0  0  0  0  1  2  0
  339   2  1  0  0  0  1  0  0  0  1  3  0
  340   1  1  0  0  0  0  0  0  0  1  0  0
  340   1  1  0  1  0  0  0  0  0  1  1  0
  340   1  1  0  0  1  0  0  0  0  1  2  0
  340   0  1  0  0  0  1  0  0  0  1  3  0
  341   0  1  0  0  0  0  0  0  0  1  0  0
  341 999  1  0  1  0  0  0  0  0  1  1  0
  341 999  1  0  0  1  0  0  0  0  1  2  0
  341 999  1  0  0  0  1  0  0  0  1  3  0
  342   0  1  0  0  0  0  0  0  0  1  0  0
  342 999  1  0  1  0  0  0  0  0  1  1  0
  342 999  1  0  0  1  0  0  0  0  1  2  0
  342   1  1  0  0  0  1  0  0  0  1  3  0
  343   0  1  0  0  0  0  0  0  0  1  0  0
  343   0  1  0  1  0  0  0  0  0  1  1  0
  343   0  1  0  0  1  0  0  0  0  1  2  0
  343   2  1  0  0  0  1  0  0  0  1  3  0
  344   2  1  0  0  0  0  0  0  0  1  0  0
  344 999  1  0  1  0  0  0  0  0  1  1  0
  344 999  1  0  0  1  0  0  0  0  1  2  0
  344 999  1  0  0  0  1  0  0  0  1  3  0
  345   1  1  0  0  0  0  0  0  0  1  0  0
  345   1  1  0  1  0  0  0  0  0  1  1  0
  345   1  1  0  0  1  0  0  0  0  1  2  0
  345   2  1  0  0  0  1  0  0  0  1  3  0
  346   0  1  0  0  0  0  0  0  0  1  0  0
  346   1  1  0  1  0  0  0  0  0  1  1  0
  346   1  1  0  0  1  0  0  0  0  1  2  0
  346   0  1  0  0  0  1  0  0  0  1  3  0
  347   2  1  0  0  0  0  0  0  0  1  0  0
  347   0  1  0  1  0  0  0  0  0  1  1  0
  347   1  1  0  0  1  0  0  0  0  1  2  0
  347   1  1  0  0  0  1  0  0  0  1  3  0
  348   0  1  0  0  0  0  0  0  0  1  0  0
  348   1  1  0  1  0  0  0  0  0  1  1  0
  348   2  1  0  0  1  0  0  0  0  1  2  0
  348 999  1  0  0  0  1  0  0  0  1  3  0
  349   1  1  0  0  0  0  0  0  0  1  0  0
  349   1  1  0  1  0  0  0  0  0  1  1  0
  349   1  1  0  0  1  0  0  0  0  1  2  0
  349   1  1  0  0  0  1  0  0  0  1  3  0
  350   2  1  0  0  0  0  0  0  0  1  0  0
  350   1  1  0  1  0  0  0  0  0  1  1  0
  350   1  1  0  0  1  0  0  0  0  1  2  0
  350   2  1  0  0  0  1  0  0  0  1  3  0
  351   1  1  0  0  0  0  0  0  0  1  0  0
  351   0  1  0  1  0  0  0  0  0  1  1  0
  351   1  1  0  0  1  0  0  0  0  1  2  0
  351   1  1  0  0  0  1  0  0  0  1  3  0
  352   0  1  0  0  0  0  0  0  0  1  0  0
  352   0  1  0  1  0  0  0  0  0  1  1  0
  352 999  1  0  0  1  0  0  0  0  1  2  0
  352 999  1  0  0  0  1  0  0  0  1  3  0
  353   0  1  0  0  0  0  0  0  0  1  0  0
  353   0  1  0  1  0  0  0  0  0  1  1  0
  353   1  1  0  0  1  0  0  0  0  1  2  0
  353 999  1  0  0  0  1  0  0  0  1  3  0
  354   2  1  0  0  0  0  0  0  0  1  0  0
  354   2  1  0  1  0  0  0  0  0  1  1  0
  354   2  1  0  0  1  0  0  0  0  1  2  0
  354   2  1  0  0  0  1  0  0  0  1  3  0
  355   1  1  0  0  0  0  0  0  0  1  0  0
  355   1  1  0  1  0  0  0  0  0  1  1  0
  355   1  1  0  0  1  0  0  0  0  1  2  0
  355   0  1  0  0  0  1  0  0  0  1  3  0
  356   0  1  0  0  0  0  0  0  0  1  0  0
  356   2  1  0  1  0  0  0  0  0  1  1  0
  356 999  1  0  0  1  0  0  0  0  1  2  0
  356   1  1  0  0  0  1  0  0  0  1  3  0
  357   0  1  0  0  0  0  0  0  0  1  0  0
  357   2  1  0  1  0  0  0  0  0  1  1  0
  357 999  1  0  0  1  0  0  0  0  1  2  0
  357 999  1  0  0  0  1  0  0  0  1  3  0
  358   0  1  0  0  0  0  0  0  0  1  0  0
  358   1  1  0  1  0  0  0  0  0  1  1  0
  358   1  1  0  0  1  0  0  0  0  1  2  0
  358   2  1  0  0  0  1  0  0  0  1  3  0
  359   1  1  0  0  0  0  0  0  0  1  0  0
  359   1  1  0  1  0  0  0  0  0  1  1  0
  359   1  1  0  0  1  0  0  0  0  1  2  0
  359   1  1  0  0  0  1  0  0  0  1  3  0
  360   0  1  0  0  0  0  0  0  0  1  0  0
  360   1  1  0  1  0  0  0  0  0  1  1  0
  360   1  1  0  0  1  0  0  0  0  1  2  0
  360   1  1  0  0  0  1  0  0  0  1  3  0
  361   0  1  0  0  0  0  0  0  0  1  0  0
  361   0  1  0  1  0  0  0  0  0  1  1  0
  361 999  1  0  0  1  0  0  0  0  1  2  0
  361 999  1  0  0  0  1  0  0  0  1  3  0
  362   1  1  0  0  0  0  0  0  0  1  0  0
  362   1  1  0  1  0  0  0  0  0  1  1  0
  362   1  1  0  0  1  0  0  0  0  1  2  0
  362   1  1  0  0  0  1  0  0  0  1  3  0
